; Version: 2.2
; Computer: Intel Paragon
; Installation: San Diego Supercomputer Center (SDSC)
;
; Acknowledge: Reagan Moore and Allen Downey
; Information: http://www.sdsc.edu/
;              http://www.cs.huji.ac.il/labs/parallel/workload/
;
; Conversion: Dror Feitelson (feit@cs.huji.ac.il) 19 Dec 2011
; MaxJobs: 76872
; MaxRecords: 76872
; Preemption: No
; UnixStartTime: 788722174
; TimeZone: 0
; TimeZoneString: US/Pacific
; StartTime: Thu Dec 29 09:29:34 PST 1994
; EndTime:   Sat Dec 30 23:54:09 PST 1995
; MaxNodes: 400 (48 interactive, 352 batch, 6 service, 10 I/O)
; MaxProcs: 400
; Note: service and I/O partitions are not used to run jobs
; MaxQueues: 37
; Queue:  0  interactive    
; Queue:  1  q4t            
; Queue:  2  q4s            
; Queue:  3  q8s            
; Queue:  4  qf8s           
; Queue:  5  q16s           
; Queue:  6  qf16s          
; Queue:  7  q32s           
; Queue:  8  qf32s          
; Queue:  9  q64s           
; Queue: 10  q256s          
; Queue: 11  q32m           
; Queue: 12  qf32m          
; Queue: 13  q64m           
; Queue: 14  qf64m          
; Queue: 15  q128m          
; Queue: 16  qf128m         
; Queue: 17  q256m          
; Queue: 18  qf256m         
; Queue: 19  q1l            
; Queue: 20  q32l           
; Queue: 21  qf32l          
; Queue: 22  q64l           
; Queue: 23  qf64l          
; Queue: 24  q128l          
; Queue: 25  qf128l         
; Queue: 26  q256l          
; Queue: 27  qf256l         
; Queue: 28  standby        
; Queue: 29  fstandby       
; Queue: 30  q1ll           
; Queue: 31  q320m          
; Queue: 32  holding        
; Queue: 33  test           
; Queue: 34  qf32test       
; Queue: 35  sdsc_test      
; Queue: 36  q_tmp32        
; MaxPartitions: 2
; Partition:  1  interactive    
; Partition:  2  batch          
;
; Note: THIS IS A CLEANED VERSION OF THE LOG!
;       The filters used to produce it were
;         user=2 or user=5 and (hour>=3 and hour<=4) (6604 jobs removed)
;         user=61 and (job>=17496 and job<=25397) (2005 jobs removed)
;         user=62 and (job>=17442 and job<=26320) (2139 jobs removed)
;         user=66 and (job>=55420 and job<=69427) (8678 jobs removed)
;         user=92 and (job>=69857 and job<=76814) (3476 jobs removed)
;
    1        0 224904  37349  128  37349    -1   -1     -1    -1  1   7  -1  -1 29  2 -1 -1
    2     4751 257510  43349  128  42924    -1   -1     -1    -1  1   7  -1  -1 29  2 -1 -1
    3    91769 213864     22  128     -1    -1   -1     -1    -1  1   7  -1  -1 29  2 -1 -1
    4   138658  86135   4138    8   4138    -1   -1     -1    -1  1   3  -1  -1 28  2 -1 -1
    5   138682  86354     58    4     -1    -1   -1     -1    -1  1   1  -1  -1  2  2 -1 -1
    6   140276  84762    681    1     -1    -1   -1     -1    -1  1   2  -1  -1  2  2 -1 -1
    7   141888 265755     94  256  60.92    -1   -1     -1    -1  1  18  -1  -1 17  2 -1 -1
    8   141902 265840     60  256  52.10    -1   -1     -1    -1  1  18  -1  -1 17  2 -1 -1
    9   141918 265888     74  256  67.95    -1   -1     -1    -1  1  18  -1  -1 17  2 -1 -1
   10   141934 265952     90  256  75.78    -1   -1     -1    -1  1  18  -1  -1 17  2 -1 -1
   11   143227 264753     86  256  79.24    -1   -1     -1    -1  1  18  -1  -1 17  2 -1 -1
   12   146537 261534    255  256 246.04    -1   -1     -1    -1  1  18  -1  -1 17  2 -1 -1
   13   148219  76566  12717   64  12717    -1   -1     -1    -1  1   3  -1  -1 28  2 -1 -1
   14   164187  64753  25646    8  25626    -1   -1     -1    -1  1   3  -1  -1 28  2 -1 -1
   15   176763  60750  29196   16  29174    -1   -1     -1    -1  1   3  -1  -1 28  2 -1 -1
   16   196607  28178   6181   11   6181    -1   -1     -1    -1  1   4  -1  -1 21  2 -1 -1
   17   210534  14257  29092   11  29092    -1   -1     -1    -1  1   6  -1  -1 21  2 -1 -1
   18   210605  14236  29103   11  29103    -1   -1     -1    -1  1   6  -1  -1 21  2 -1 -1
   19   210652  14175  29165   11  29165    -1   -1     -1    -1  1   6  -1  -1 21  2 -1 -1
   20   210683  14137  29213   11  29213    -1   -1     -1    -1  1   6  -1  -1 21  2 -1 -1
   21   210712  14109  29253   11  29253    -1   -1     -1    -1  1   6  -1  -1 21  2 -1 -1
   22   210731  14061  29283   11  29283    -1   -1     -1    -1  1   6  -1  -1 21  2 -1 -1
   23   225085  86354     67    4     -1    -1   -1     -1    -1  1   1  -1  -1  2  2 -1 -1
   24   225715  85725   1196    1     -1    -1   -1     -1    -1  1   2  -1  -1  2  2 -1 -1
   48   252153      5  18163   64  18145    -1   -1     -1    -1  1   8  -1  -1 22  2 -1 -1
   49   253709      6  31414   16  31382    -1   -1     -1    -1  1   8  -1  -1 20  2 -1 -1
   50   253797      5  25111    8  25085    -1   -1     -1    -1  1   8  -1  -1 20  2 -1 -1
   51   253854      6  32930    8  32905    -1   -1     -1    -1  1   8  -1  -1 20  2 -1 -1
   52   254581     13  25731    8  25714    -1   -1     -1    -1  1   3  -1  -1 28  2 -1 -1
   53   266705     11  29306   16  29289    -1   -1     -1    -1  1   3  -1  -1 28  2 -1 -1
   54   270316      6  19741   64  19721    -1   -1     -1    -1  1   8  -1  -1 22  2 -1 -1
   55   275349      4  17210   32  17194    -1   -1     -1    -1  1   9  -1  -1 34  2 -1 -1
   56   278907      8  25688    8  25665    -1   -1     -1    -1  1   8  -1  -1 20  2 -1 -1
   57   280320      5  25498    8  25474    -1   -1     -1    -1  1   8  -1  -1 20  2 -1 -1
   58   285118     12  31484   16  31465    -1   -1     -1    -1  1   8  -1  -1 20  2 -1 -1
   59   286783      7  33188    8  33162    -1   -1     -1    -1  1   8  -1  -1 20  2 -1 -1
   60   290059     15  21375   64  21340    -1   -1     -1    -1  1   8  -1  -1 22  2 -1 -1
   61   292615      5  32112   16  32097    -1   -1     -1    -1  1  12  -1  -1 20  2 -1 -1
   62   296891      6  43347   11  43178    -1   -1     -1    -1  1   6  -1  -1 21  2 -1 -1
   63   296932      6  43337   11  43295    -1   -1     -1    -1  1   6  -1  -1 21  2 -1 -1
   64   296962      6  43347   11  43292    -1   -1     -1    -1  1   6  -1  -1 21  2 -1 -1
   65   297008      9  43348   11  43274    -1   -1     -1    -1  1   6  -1  -1 21  2 -1 -1
   66   297035      7  43344   11  43310    -1   -1     -1    -1  1   6  -1  -1 21  2 -1 -1
   67   304251      0     30    1  28.80    -1   -1     -1    -1  1  10  -1  -1  0  1 -1 -1
   68   304364      0     21    8  20.25    -1   -1     -1    -1  1  10  -1  -1  0  1 -1 -1
   69   304500      0      8    1   7.20    -1   -1     -1    -1  1  10  -1  -1  0  1 -1 -1
   70   304617      0     15    8  14.40    -1   -1     -1    -1  1  10  -1  -1  0  1 -1 -1
   71   304639      0     60    1  57.60    -1   -1     -1    -1  1  10  -1  -1  0  1 -1 -1
   72   304780      0     16    8  15.30    -1   -1     -1    -1  1  10  -1  -1  0  1 -1 -1
   73   304797      0    228    1 226.80    -1   -1     -1    -1  1  10  -1  -1  0  1 -1 -1
   74   305816      8  25919    8  25894    -1   -1     -1    -1  1   8  -1  -1 20  2 -1 -1
   75   306184      0      3    2   1.80    -1   -1     -1    -1  1  11  -1  -1  0  1 -1 -1
   76   311443     11  22588   64  22561    -1   -1     -1    -1  1   8  -1  -1 22  2 -1 -1
   77   311496  86344     46    4     -1    -1   -1     -1    -1  1   1  -1  -1  2  2 -1 -1
   78   312631 101174   2608    1     -1    -1   -1     -1    -1  1   2  -1  -1  2  2 -1 -1
  102   331733     14  25786    8  25757    -1   -1     -1    -1  1   8  -1  -1 20  2 -1 -1
  103   334036     10  14258   64  14242    -1   -1     -1    -1  1   8  -1  -1 22  2 -1 -1
  104   338911      6  27839   16  27823    -1   -1     -1    -1  1  12  -1  -1 20  2 -1 -1
  105   339660      0   2654    1   2653    -1   -1     -1    -1  1  13  -1  -1  0  1 -1 -1
  106   340012      6  17438   32  17419    -1   -1     -1    -1  1   9  -1  -1 34  2 -1 -1
  107   346129      8     45   32  17.10    -1   -1     -1    -1  1   7  -1  -1 21  2 -1 -1
  108   346406      8  43353  128  43315    -1   -1     -1    -1  1   7  -1  -1 29  2 -1 -1
  109   346630 160567   9222  128   9195    -1   -1     -1    -1  1   7  -1  -1 29  2 -1 -1
  110   346630 291317  43349  128  42721    -1   -1     -1    -1  1   7  -1  -1 29  2 -1 -1
  111   346717      6    480   32 449.66    -1   -1     -1    -1  1   7  -1  -1 21  2 -1 -1
  112   346773     12    477   32 448.31    -1   -1     -1    -1  1   7  -1  -1 21  2 -1 -1
  113   346849    361   2734   32   2707    -1   -1     -1    -1  1   7  -1  -1 21  2 -1 -1
  114   346900    370  43364   32  42511    -1   -1     -1    -1  1   7  -1  -1 21  2 -1 -1
  115   347024 437881  43350  128  42805    -1   -1     -1    -1  1   7  -1  -1 29  2 -1 -1
  116   347062 481201  43354  128  43318    -1   -1     -1    -1  1   7  -1  -1 29  2 -1 -1
  117   347179 524456   9174  128   9046    -1   -1     -1    -1  1   7  -1  -1 29  2 -1 -1
  118   347242   2709  39776   32  39738    -1   -1     -1    -1  1   7  -1  -1 21  2 -1 -1
  119   347298 111732  28836   64  28809    -1   -1     -1    -1  1   7  -1  -1 23  2 -1 -1
  120   347380 533445  43357  128  43284    -1   -1     -1    -1  1   7  -1  -1 29  2 -1 -1
  121   347474 666526  19086  128   9527    -1   -1     -1    -1  1   7  -1  -1 29  2 -1 -1
  122   347474 712765  37488  128  18729    -1   -1     -1    -1  1   7  -1  -1 29  2 -1 -1
  123   347663 116109     60   64  27.22    -1   -1     -1    -1  1   7  -1  -1 23  2 -1 -1
  124   348300     11  10944   64  10919    -1   -1     -1    -1  1   8  -1  -1 22  2 -1 -1
  125   348456      0   8341    1   8341    -1   -1     -1    -1  1  13  -1  -1  0  1 -1 -1
  126   355097      0     22    8  22.95    -1   -1     -1    -1  1  10  -1  -1  0  1 -1 -1
  127   355261      0     12    1  79.20    -1   -1     -1    -1  1  10  -1  -1  0  1 -1 -1
  128   356122      9  43350   11  42689    -1   -1     -1    -1  1   6  -1  -1 21  2 -1 -1
  129   356163   1301  43344   11  43202    -1   -1     -1    -1  1   6  -1  -1 21  2 -1 -1
  130   356165      0      1    1  10.80    -1   -1     -1    -1  1  14  -1  -1  0  1 -1 -1
  131   356366      0      2    1 201.60    -1   -1     -1    -1  1  14  -1  -1  0  1 -1 -1
  132   356456      0     14    8  13.95    -1   -1     -1    -1  1  15  -1  -1  0  1 -1 -1
  133   356497      0     47    8  46.80    -1   -1     -1    -1  1  15  -1  -1  0  1 -1 -1
  134   356596      0      1    1  54.00    -1   -1     -1    -1  1  14  -1  -1  0  1 -1 -1
  135   356624      0   6160    8   6186    -1   -1     -1    -1  1  15  -1  -1  0  1 -1 -1
  136   357528     12  25531    8  25512    -1   -1     -1    -1  1   8  -1  -1 20  2 -1 -1
  137   358342      0      5    1 795.60    -1   -1     -1    -1  1  14  -1  -1  0  1 -1 -1
  138   358482      0      4    1   7.20    -1   -1     -1    -1  1  14  -1  -1  0  1 -1 -1
  139   359245     16  21182   64  21156    -1   -1     -1    -1  1   8  -1  -1 22  2 -1 -1
  140   360947  76350  17630   32  17590    -1   -1     -1    -1  1   9  -1  -1 34  2 -1 -1
  141   362746  74544  26472  128  26417    -1   -1     -1    -1  1  13  -1  -1 25  2 -1 -1
  142   364522     11     17   32     -1    -1   -1     -1    -1  1  15  -1  -1 20  2 -1 -1
  143   364600  72696  18336   32   4569    -1   -1     -1    -1  1  15  -1  -1 20  2 -1 -1
  144   364605     -1  40661   32   8101    -1   -1     -1    -1  0  15  -1  -1 20  2 -1 -1
  145   365172      0     26    8  26.10    -1   -1     -1    -1  1  10  -1  -1  0  1 -1 -1
  146   365219      0      4    1   3.60    -1   -1     -1    -1  1  10  -1  -1  0  1 -1 -1
  147   365244      0      7    1   7.20    -1   -1     -1    -1  1  10  -1  -1  0  1 -1 -1
  148   365289      0     27   64  27.34    -1   -1     -1    -1  1  10  -1  -1  0  1 -1 -1
  149   365334      0     61   64  61.03    -1   -1     -1    -1  1  10  -1  -1  0  1 -1 -1
  150   365429      0     43   10  42.84    -1   -1     -1    -1  1  10  -1  -1  0  1 -1 -1
  151   365449  71853  18344   32   4572    -1   -1     -1    -1  1  15  -1  -1 20  2 -1 -1
  152   365562      0     48   40  47.97    -1   -1     -1    -1  1  10  -1  -1  0  1 -1 -1
  153   365684      0     64   64  63.28    -1   -1     -1    -1  1  10  -1  -1  0  1 -1 -1
  154   365833      0    681   64 681.36    -1   -1     -1    -1  1  10  -1  -1  0  1 -1 -1
  155   366195  14259   7558   32   1883    -1   -1     -1    -1  1  15  -1  -1 20  2 -1 -1
  156   366556      0      7   64   6.24    -1   -1     -1    -1  1  16  -1  -1  0  1 -1 -1
  157   366588      0      6   64   5.79    -1   -1     -1    -1  1  16  -1  -1  0  1 -1 -1
  158   366632      0    153   64 152.78    -1   -1     -1    -1  1  10  -1  -1  0  1 -1 -1
  159   366826      0     50    8  49.95    -1   -1     -1    -1  1  10  -1  -1  0  1 -1 -1
  160   367108      0   1175   64   1174    -1   -1     -1    -1  1  10  -1  -1  0  1 -1 -1
  161   367473      6  29313   16  29298    -1   -1     -1    -1  1  12  -1  -1 20  2 -1 -1
  162   368323      0     17    8  16.20    -1   -1     -1    -1  1  10  -1  -1  0  1 -1 -1
  163   368741      0     14    8  13.05    -1   -1     -1    -1  1  10  -1  -1  0  1 -1 -1
  164   368845      0    712   64 712.12    -1   -1     -1    -1  1  10  -1  -1  0  1 -1 -1
  165   369887      0      7    8   7.20    -1   -1     -1    -1  1  10  -1  -1  0  1 -1 -1
  166   370014      0     16    8  15.75    -1   -1     -1    -1  1  10  -1  -1  0  1 -1 -1
  167   370143      0     18    8  18.45    -1   -1     -1    -1  1  10  -1  -1  0  1 -1 -1
  168   370204      0     84   64  83.87    -1   -1     -1    -1  1  10  -1  -1  0  1 -1 -1
  169   370302      0    329   64 329.12    -1   -1     -1    -1  1  10  -1  -1  0  1 -1 -1
  170   370648      0   1245   64   1245    -1   -1     -1    -1  1  10  -1  -1  0  1 -1 -1
  171   371917      0   5726   64   5725    -1   -1     -1    -1  1  10  -1  -1  0  1 -1 -1
  172   377769      0   1303   64   1303    -1   -1     -1    -1  1  10  -1  -1  0  1 -1 -1
  173   379103      0     31    8  30.60    -1   -1     -1    -1  1  10  -1  -1  0  1 -1 -1
  174   379172      0     15    8  13.95    -1   -1     -1    -1  1  10  -1  -1  0  1 -1 -1
  175   379201      0     99   64  99.56    -1   -1     -1    -1  1  10  -1  -1  0  1 -1 -1
  176   379315      0    217   64 216.73    -1   -1     -1    -1  1  10  -1  -1  0  1 -1 -1
  177   380429  75222  15243   64  15224    -1   -1     -1    -1  1   8  -1  -1 22  2 -1 -1
  178   380455     -1  24811   32   4137    -1   -1     -1    -1  0  15  -1  -1 20  2 -1 -1
  179   383066  54238  25548    8  25505    -1   -1     -1    -1  1   8  -1  -1 20  2 -1 -1
  180   383078     -1  22188    8  13936    -1   -1     -1    -1  0   8  -1  -1 20  2 -1 -1
  181   388019      0      3    1     -1    -1   -1     -1    -1  1  17  -1  -1  0  1 -1 -1
  182   388024      0      2    2   3.60    -1   -1     -1    -1  1  17  -1  -1  0  1 -1 -1
  183   388030      0      4    3   4.80    -1   -1     -1    -1  1  17  -1  -1  0  1 -1 -1
  184   388038      0      2    4   4.50    -1   -1     -1    -1  1  17  -1  -1  0  1 -1 -1
  185   388045      0      8    5   4.32    -1   -1     -1    -1  1  17  -1  -1  0  1 -1 -1
  186   388056      0      2    6   4.20    -1   -1     -1    -1  1  17  -1  -1  0  1 -1 -1
  187   388060      0      5    7   3.60    -1   -1     -1    -1  1  17  -1  -1  0  1 -1 -1
  188   388072      0      5    2   3.60    -1   -1     -1    -1  1  17  -1  -1  0  1 -1 -1
  189   388079      0      2    4   3.60    -1   -1     -1    -1  1  17  -1  -1  0  1 -1 -1
  190   388084      0      4    6   3.60    -1   -1     -1    -1  1  17  -1  -1  0  1 -1 -1
  191   388095      0      5    3   3.60    -1   -1     -1    -1  1  17  -1  -1  0  1 -1 -1
  192   388104      0      5    6   3.60    -1   -1     -1    -1  1  17  -1  -1  0  1 -1 -1
  193   388110      0      2    4   2.70    -1   -1     -1    -1  1  17  -1  -1  0  1 -1 -1
  194   388115      0      3    5   3.60    -1   -1     -1    -1  1  17  -1  -1  0  1 -1 -1
  195   388120      0      3    6   3.60    -1   -1     -1    -1  1  17  -1  -1  0  1 -1 -1
  196   388125      0      1    7   3.60    -1   -1     -1    -1  1  17  -1  -1  0  1 -1 -1
  197   388130      0      3    1   7.20    -1   -1     -1    -1  1  17  -1  -1  0  1 -1 -1
  198   388136      0      2    2   5.40    -1   -1     -1    -1  1  17  -1  -1  0  1 -1 -1
  199   388142      0      2    3   4.80    -1   -1     -1    -1  1  17  -1  -1  0  1 -1 -1
  200   388147      0      4    4   6.30    -1   -1     -1    -1  1  17  -1  -1  0  1 -1 -1
  201   388152      0      5    5   6.48    -1   -1     -1    -1  1  17  -1  -1  0  1 -1 -1
  202   388159      0      4    6   5.40    -1   -1     -1    -1  1  17  -1  -1  0  1 -1 -1
  203   388166      0      2    7   5.14    -1   -1     -1    -1  1  17  -1  -1  0  1 -1 -1
  204   388173      0      2    2   5.40    -1   -1     -1    -1  1  17  -1  -1  0  1 -1 -1
  205   388178      0      3    4   4.50    -1   -1     -1    -1  1  17  -1  -1  0  1 -1 -1
  206   388184      0      2    6   4.20    -1   -1     -1    -1  1  17  -1  -1  0  1 -1 -1
  207   388188      0      3    3   4.80    -1   -1     -1    -1  1  17  -1  -1  0  1 -1 -1
  208   388197      0      1    6   4.20    -1   -1     -1    -1  1  17  -1  -1  0  1 -1 -1
  209   388202      0      1    4   5.40    -1   -1     -1    -1  1  17  -1  -1  0  1 -1 -1
  210   388205      0      3    5   4.32    -1   -1     -1    -1  1  17  -1  -1  0  1 -1 -1
  211   388211      0      3    6   6.60    -1   -1     -1    -1  1  17  -1  -1  0  1 -1 -1
  212   388216      0     10    7  14.40    -1   -1     -1    -1  1  17  -1  -1  0  1 -1 -1
  213   388228      0      5    1     -1    -1   -1     -1    -1  1  17  -1  -1  0  1 -1 -1
  214   388236      0      3    2   7.20    -1   -1     -1    -1  1  17  -1  -1  0  1 -1 -1
  215   388243      0     10    3   7.20    -1   -1     -1    -1  1  17  -1  -1  0  1 -1 -1
  216   388247      0      8    4  11.70    -1   -1     -1    -1  1  17  -1  -1  0  1 -1 -1
  217   388257      0      8    5   9.36    -1   -1     -1    -1  1  17  -1  -1  0  1 -1 -1
  218   388261      0      9    6  14.40    -1   -1     -1    -1  1  17  -1  -1  0  1 -1 -1
  219   388267      0     11    7  10.80    -1   -1     -1    -1  1  17  -1  -1  0  1 -1 -1
  220   388274      0     10    2  12.60    -1   -1     -1    -1  1  17  -1  -1  0  1 -1 -1
  221   388280      0      9    4  11.70    -1   -1     -1    -1  1  17  -1  -1  0  1 -1 -1
  222   388287      0     30    6  34.80    -1   -1     -1    -1  1  17  -1  -1  0  1 -1 -1
  223   388291      0      5    3  13.20    -1   -1     -1    -1  1  17  -1  -1  0  1 -1 -1
  224   388294      0      8    6   9.60    -1   -1     -1    -1  1  17  -1  -1  0  1 -1 -1
  225   388300      0      8    4   8.10    -1   -1     -1    -1  1  17  -1  -1  0  1 -1 -1
  226   388305      0     10    5  10.80    -1   -1     -1    -1  1  17  -1  -1  0  1 -1 -1
  227   388311      0     11    6  11.40    -1   -1     -1    -1  1  17  -1  -1  0  1 -1 -1
  228   388319      0      6    7  11.83    -1   -1     -1    -1  1  17  -1  -1  0  1 -1 -1
  229   388662  48644  50104   32  12515    -1   -1     -1    -1  1  15  -1  -1 20  2 -1 -1
  230   388668     -1  16598   32   2086    -1   -1     -1    -1  0  15  -1  -1 20  2 -1 -1
  231   389552      0      9    5   9.36    -1   -1     -1    -1  1  15  -1  -1  0  1 -1 -1
  232   389620      0  15646    5   7405    -1   -1     -1    -1  0  15  -1  -1  0  1 -1 -1
  233   389735     -1  15531   32   7276    -1   -1     -1    -1  0   9  -1  -1 34  2 -1 -1
  234   389785     -1  15481  128   7219    -1   -1     -1    -1  0  13  -1  -1 25  2 -1 -1
  235   391658      0      2    1   1033    -1   -1     -1    -1  1  17  -1  -1  0  1 -1 -1
  236   391662      0      2    2   3.60    -1   -1     -1    -1  1  17  -1  -1  0  1 -1 -1
  237   391667      0      6    3   4.80    -1   -1     -1    -1  1  17  -1  -1  0  1 -1 -1
  238   391669      0      8    4   9.00    -1   -1     -1    -1  1  17  -1  -1  0  1 -1 -1
  239   391675      0      8    5   9.36    -1   -1     -1    -1  1  17  -1  -1  0  1 -1 -1
  240   391680      0      6    6  11.40    -1   -1     -1    -1  1  17  -1  -1  0  1 -1 -1
  241   391760      0      2    1  75.60    -1   -1     -1    -1  1  17  -1  -1  0  1 -1 -1
  242   391763      0      2    2   3.60    -1   -1     -1    -1  1  17  -1  -1  0  1 -1 -1
  243   391784      0      2    3  20.40    -1   -1     -1    -1  1  17  -1  -1  0  1 -1 -1
  244   391801      0  13465    4   5223    -1   -1     -1    -1  0  17  -1  -1  0  1 -1 -1
  245   393046      0      2    1   1245    -1   -1     -1    -1  1  17  -1  -1  0  1 -1 -1
  246   393050      0      3    2   3.60    -1   -1     -1    -1  1  17  -1  -1  0  1 -1 -1
  247   393054      0     17    3  13.20    -1   -1     -1    -1  1  17  -1  -1  0  1 -1 -1
  248   393058      0      6    4   9.90    -1   -1     -1    -1  1  17  -1  -1  0  1 -1 -1
  249   393061      0      8    5   7.20    -1   -1     -1    -1  1  17  -1  -1  0  1 -1 -1
  250   393067      0      6    6   9.60    -1   -1     -1    -1  1  17  -1  -1  0  1 -1 -1
  251   393122      0      2    1  50.40    -1   -1     -1    -1  1  17  -1  -1  0  1 -1 -1
  252   393128      0      3    2   5.40    -1   -1     -1    -1  1  17  -1  -1  0  1 -1 -1
  253   393135      0      3    3   4.80    -1   -1     -1    -1  1  17  -1  -1  0  1 -1 -1
  254   393142      0      3    4   5.40    -1   -1     -1    -1  1  17  -1  -1  0  1 -1 -1
  255   393149      0      1    5   5.04    -1   -1     -1    -1  1  17  -1  -1  0  1 -1 -1
  256   393152      0      4    6   4.80    -1   -1     -1    -1  1  17  -1  -1  0  1 -1 -1
  257   393158      0      3    7   5.66    -1   -1     -1    -1  1  17  -1  -1  0  1 -1 -1
  258   393164      0      3    2   3.60    -1   -1     -1    -1  1  17  -1  -1  0  1 -1 -1
  259   393169      0      3    4   5.40    -1   -1     -1    -1  1  17  -1  -1  0  1 -1 -1
  260   393178      0      5    6   6.00    -1   -1     -1    -1  1  17  -1  -1  0  1 -1 -1
  261   393186      0      1    3   6.00    -1   -1     -1    -1  1  17  -1  -1  0  1 -1 -1
  262   393192      0      3    6  17.40    -1   -1     -1    -1  1  17  -1  -1  0  1 -1 -1
  263   393212      0      3    4  19.80    -1   -1     -1    -1  1  17  -1  -1  0  1 -1 -1
  264   393217      0      2    5   4.32    -1   -1     -1    -1  1  17  -1  -1  0  1 -1 -1
  265   393221      0      3    6   4.20    -1   -1     -1    -1  1  17  -1  -1  0  1 -1 -1
  266   393227      0      2    7   4.11    -1   -1     -1    -1  1  17  -1  -1  0  1 -1 -1
  267   393231      0      1    1   3.60    -1   -1     -1    -1  1  17  -1  -1  0  1 -1 -1
  268   393236      0      2    2   5.40    -1   -1     -1    -1  1  17  -1  -1  0  1 -1 -1
  269   393241      0     15    3  12.00    -1   -1     -1    -1  1  17  -1  -1  0  1 -1 -1
  270   393243      0      5    4   8.10    -1   -1     -1    -1  1  17  -1  -1  0  1 -1 -1
  271   393245      0      8    5   6.48    -1   -1     -1    -1  1  17  -1  -1  0  1 -1 -1
  272   393250      0     11    6  10.80    -1   -1     -1    -1  1  17  -1  -1  0  1 -1 -1
  273   393259      0      5    7   9.26    -1   -1     -1    -1  1  17  -1  -1  0  1 -1 -1
  274   393266      0      2    2   5.40    -1   -1     -1    -1  1  17  -1  -1  0  1 -1 -1
  275   393271      0      5    4   8.10    -1   -1     -1    -1  1  17  -1  -1  0  1 -1 -1
  276   393273      0      9    6  13.20    -1   -1     -1    -1  1  17  -1  -1  0  1 -1 -1
  277   393279      0      6    3   8.40    -1   -1     -1    -1  1  17  -1  -1  0  1 -1 -1
  278   393284      0     12    6  11.40    -1   -1     -1    -1  1  17  -1  -1  0  1 -1 -1
  279   393287      0      4    4   8.10    -1   -1     -1    -1  1  17  -1  -1  0  1 -1 -1
  280   393293      0      6    5   5.04    -1   -1     -1    -1  1  17  -1  -1  0  1 -1 -1
  281   393301      0      2    6   5.40    -1   -1     -1    -1  1  17  -1  -1  0  1 -1 -1
  282   393306      0      3    7   5.66    -1   -1     -1    -1  1  17  -1  -1  0  1 -1 -1
  283   393313      0      2    1   7.20    -1   -1     -1    -1  1  17  -1  -1  0  1 -1 -1
  284   393317      0     13    2   9.00    -1   -1     -1    -1  1  17  -1  -1  0  1 -1 -1
  285   393319      0      9    3   7.20    -1   -1     -1    -1  1  17  -1  -1  0  1 -1 -1
  286   393322      0     13    4   6.30    -1   -1     -1    -1  1  17  -1  -1  0  1 -1 -1
  287   393333      0     43    5  38.16    -1   -1     -1    -1  1  17  -1  -1  0  1 -1 -1
  288   393337      0      9    6  17.40    -1   -1     -1    -1  1  17  -1  -1  0  1 -1 -1
  289   393343      0     18    7  18.00    -1   -1     -1    -1  1  17  -1  -1  0  1 -1 -1
  290   393349      0     11    2   7.20    -1   -1     -1    -1  1  17  -1  -1  0  1 -1 -1
  291   393355      0     18    4  13.50    -1   -1     -1    -1  1  17  -1  -1  0  1 -1 -1
  292   393372      0     12    6  10.80    -1   -1     -1    -1  1  17  -1  -1  0  1 -1 -1
  293   393386      0      2    3  10.80    -1   -1     -1    -1  1  17  -1  -1  0  1 -1 -1
  294   393390      0      2    6   7.80    -1   -1     -1    -1  1  17  -1  -1  0  1 -1 -1
  295   393394      0      2    4   9.00    -1   -1     -1    -1  1  17  -1  -1  0  1 -1 -1
  296   393398      0      5    5   8.64    -1   -1     -1    -1  1  17  -1  -1  0  1 -1 -1
  297   393400      0      9    6  10.20    -1   -1     -1    -1  1  17  -1  -1  0  1 -1 -1
  298   393406      0      5    7   9.26    -1   -1     -1    -1  1  17  -1  -1  0  1 -1 -1
  299   393703      0      2    1 291.60    -1   -1     -1    -1  1  17  -1  -1  0  1 -1 -1
  300   393706      0      5    2   3.60    -1   -1     -1    -1  1  17  -1  -1  0  1 -1 -1
  301   393709      0      7    3   7.20    -1   -1     -1    -1  1  17  -1  -1  0  1 -1 -1
  302   393714      0      6    4   8.10    -1   -1     -1    -1  1  17  -1  -1  0  1 -1 -1
  303   393718      0      5    5   7.20    -1   -1     -1    -1  1  17  -1  -1  0  1 -1 -1
  304   393725      0     12    6  10.80    -1   -1     -1    -1  1  17  -1  -1  0  1 -1 -1
  305   393727      0      6    7   9.77    -1   -1     -1    -1  1  17  -1  -1  0  1 -1 -1
  306   393731      0     10    2   9.00    -1   -1     -1    -1  1  17  -1  -1  0  1 -1 -1
  307   393739      0      9    4  10.80    -1   -1     -1    -1  1  17  -1  -1  0  1 -1 -1
  308   393745      0      5    6  10.20    -1   -1     -1    -1  1  17  -1  -1  0  1 -1 -1
  309   393912      0      2    1 165.60    -1   -1     -1    -1  1  17  -1  -1  0  1 -1 -1
  310   393916      0      5    2   5.40    -1   -1     -1    -1  1  17  -1  -1  0  1 -1 -1
  311   393919      0      8    3   7.20    -1   -1     -1    -1  1  17  -1  -1  0  1 -1 -1
  312   393924      0      5    4   5.40    -1   -1     -1    -1  1  17  -1  -1  0  1 -1 -1
  313   393931      0     32    5  27.36    -1   -1     -1    -1  1  17  -1  -1  0  1 -1 -1
  314   393933      0     26    6  25.80    -1   -1     -1    -1  1  17  -1  -1  0  1 -1 -1
  315   393936      0     15    7  12.34    -1   -1     -1    -1  1  17  -1  -1  0  1 -1 -1
  316   393939      0      4    2   7.20    -1   -1     -1    -1  1  17  -1  -1  0  1 -1 -1
  317   393941      0      7    4   6.30    -1   -1     -1    -1  1  17  -1  -1  0  1 -1 -1
  318   393945      0      9    6   4.80    -1   -1     -1    -1  1  17  -1  -1  0  1 -1 -1
  319   393957      0     12    3  13.20    -1   -1     -1    -1  1  17  -1  -1  0  1 -1 -1
  320   393965      0      8    6  16.20    -1   -1     -1    -1  1  17  -1  -1  0  1 -1 -1
  321   393971      0      7    4  14.40    -1   -1     -1    -1  1  17  -1  -1  0  1 -1 -1
  322   393976      0      9    5  10.08    -1   -1     -1    -1  1  17  -1  -1  0  1 -1 -1
  323   393979      0     11    6   9.60    -1   -1     -1    -1  1  17  -1  -1  0  1 -1 -1
  324   393988      0      4    7  12.86    -1   -1     -1    -1  1  17  -1  -1  0  1 -1 -1
  325   397879  86354     43    4     -1    -1   -1     -1    -1  1   1  -1  -1  2  2 -1 -1
  326   407645     -1   4410   32 883.80    -1   -1     -1    -1  0  15  -1  -1 20  2 -1 -1
  327   407648     -1   4407    8   3538    -1   -1     -1    -1  0   8  -1  -1 20  2 -1 -1
  328   407648     -1   4407    1     -1    -1   -1     -1    -1  0   2  -1  -1  2  2 -1 -1
  329   407652     -1   4403   32 883.24    -1   -1     -1    -1  0  15  -1  -1 20  2 -1 -1
  330   408333     -1   3722   32   2867    -1   -1     -1    -1  0   9  -1  -1 34  2 -1 -1
  331   408336     -1   3719   64   2837    -1   -1     -1    -1  0   7  -1  -1 23  2 -1 -1
  332   408337     -1   3718  128   2856    -1   -1     -1    -1  0  13  -1  -1 25  2 -1 -1
  333   408339     -1   3716   32 714.49    -1   -1     -1    -1  0  15  -1  -1 20  2 -1 -1
  348   413794     -1   7088  128   6267    -1   -1     -1    -1  0  13  -1  -1 25  2 -1 -1
  349   413809     -1   7073   32   1566    -1   -1     -1    -1  0  15  -1  -1 20  2 -1 -1
  350   413810     -1   7072   32   6284    -1   -1     -1    -1  0   9  -1  -1 34  2 -1 -1
  351   413816     -1   7066   32   1562    -1   -1     -1    -1  0  15  -1  -1 20  2 -1 -1
  352   413819     -1   7063   32   1562    -1   -1     -1    -1  0  15  -1  -1 20  2 -1 -1
  353   413828     -1   7054    8   6272    -1   -1     -1    -1  0   8  -1  -1 20  2 -1 -1
  354   413828     -1   7054   64   6231    -1   -1     -1    -1  0   7  -1  -1 23  2 -1 -1
  355   416409  67826    147    1     -1    -1   -1     -1    -1  1   2  -1  -1  2  2 -1 -1
  356   421897     -1   3168   32 182.47    -1   -1     -1    -1  0  15  -1  -1 20  2 -1 -1
  357   421898     -1   3167   64 709.99    -1   -1     -1    -1  0   7  -1  -1 23  2 -1 -1
  358   421900     -1   3165  128 718.99    -1   -1     -1    -1  0  13  -1  -1 25  2 -1 -1
  359   421903     -1   3162    8 727.20    -1   -1     -1    -1  0   8  -1  -1 20  2 -1 -1
  360   421905     -1   3160   32 179.21    -1   -1     -1    -1  0  15  -1  -1 20  2 -1 -1
  361   421907     -1   3158   32 744.98    -1   -1     -1    -1  0   9  -1  -1 34  2 -1 -1
  362   421910     -1   3155   32 177.97    -1   -1     -1    -1  0  15  -1  -1 20  2 -1 -1
  363   422616      0      2    5   2.16    -1   -1     -1    -1  1   5  -1  -1  0  1 -1 -1
  364   422663      0      2    6   2.40    -1   -1     -1    -1  1   5  -1  -1  0  1 -1 -1
  365   437275     12      4    1     -1    -1   -1     -1    -1  1   5  -1  -1  1  2 -1 -1
  366   440076  14857  43342   11  43267    -1   -1     -1    -1  1   6  -1  -1 21  2 -1 -1
  367   444086      0     37   64  37.29    -1   -1     -1    -1  1  10  -1  -1  0  1 -1 -1
  368   444154      0     28   64  28.29    -1   -1     -1    -1  1  10  -1  -1  0  1 -1 -1
  369   444200      0     34   32  33.30    -1   -1     -1    -1  1  10  -1  -1  0  1 -1 -1
  370   444246      0     32   16  32.17    -1   -1     -1    -1  1  10  -1  -1  0  1 -1 -1
  371   444302      0     16   24  16.65    -1   -1     -1    -1  1  10  -1  -1  0  1 -1 -1
  372   444336      0     26   28  26.36    -1   -1     -1    -1  1  10  -1  -1  0  1 -1 -1
  373   444382      0     15   26  14.68    -1   -1     -1    -1  1  10  -1  -1  0  1 -1 -1
  374   444407      0     25   27  24.13    -1   -1     -1    -1  1  10  -1  -1  0  1 -1 -1
  375   444463      0     20   27  20.40    -1   -1     -1    -1  1  10  -1  -1  0  1 -1 -1
  376   444499      0     29   64  28.69    -1   -1     -1    -1  1  10  -1  -1  0  1 -1 -1
  377   444538      0     26   64  26.33    -1   -1     -1    -1  1  10  -1  -1  0  1 -1 -1
  378   444573      0     32   32  31.50    -1   -1     -1    -1  1  10  -1  -1  0  1 -1 -1
  379   444728      0     21    8  20.70    -1   -1     -1    -1  1  10  -1  -1  0  1 -1 -1
  380   444764      0     56   32  56.02    -1   -1     -1    -1  1  10  -1  -1  0  1 -1 -1
  381   444854      0   1051   64   1050    -1   -1     -1    -1  1  10  -1  -1  0  1 -1 -1
  382   453281      0     14    8  14.40    -1   -1     -1    -1  1  10  -1  -1  0  1 -1 -1
  383   453388      0      3    8   2.70    -1   -1     -1    -1  1  10  -1  -1  0  1 -1 -1
  384   453431      0     19    8  18.45    -1   -1     -1    -1  1  10  -1  -1  0  1 -1 -1
  385   453583      0     61   64  61.76    -1   -1     -1    -1  1  10  -1  -1  0  1 -1 -1
  386   453705      0     15    8  14.40    -1   -1     -1    -1  1  10  -1  -1  0  1 -1 -1
  387   453720      0     54   64  53.55    -1   -1     -1    -1  1  10  -1  -1  0  1 -1 -1
  388   453883      0    698   64 697.95    -1   -1     -1    -1  1  10  -1  -1  0  1 -1 -1
  389   454822  30147  17174   64  17156    -1   -1     -1    -1  1   3  -1  -1 28  2 -1 -1
  390   454831  47316  14266   64  14246    -1   -1     -1    -1  1   3  -1  -1 28  2 -1 -1
  391   454831 107140  17302   64  17286    -1   -1     -1    -1  1   3  -1  -1 28  2 -1 -1
  392   455054      0     11    8  10.80    -1   -1     -1    -1  1  10  -1  -1  0  1 -1 -1
  393   455080      0      5    8   4.95    -1   -1     -1    -1  1  10  -1  -1  0  1 -1 -1
  394   455118      0     33    8  32.40    -1   -1     -1    -1  1  10  -1  -1  0  1 -1 -1
  395   455258      0     35    8  35.55    -1   -1     -1    -1  1  10  -1  -1  0  1 -1 -1
  396   455811   7958  43363   32  43035    -1   -1     -1    -1  1   7  -1  -1 21  2 -1 -1
  397   456154   7684  20224   32  20191    -1   -1     -1    -1  1   7  -1  -1 21  2 -1 -1
  398   457705   6134  43353   32  43269    -1   -1     -1    -1  1   7  -1  -1 21  2 -1 -1
  399   459505      0   1468   64   1467    -1   -1     -1    -1  1  10  -1  -1  0  1 -1 -1
  400   461030      0    178   64 177.41    -1   -1     -1    -1  1  10  -1  -1  0  1 -1 -1
  401   461331      0     15    8  14.40    -1   -1     -1    -1  1  10  -1  -1  0  1 -1 -1
  402   461385      0     13    8  12.60    -1   -1     -1    -1  1  10  -1  -1  0  1 -1 -1
  403   461411      0     40    2  39.60    -1   -1     -1    -1  1  10  -1  -1  0  1 -1 -1
  404   461559      0     14    8  13.95    -1   -1     -1    -1  1  10  -1  -1  0  1 -1 -1
  405   461572      0     20    8  19.35    -1   -1     -1    -1  1  10  -1  -1  0  1 -1 -1
  406   461593      0     29    2  28.80    -1   -1     -1    -1  1  10  -1  -1  0  1 -1 -1
  407   461738      0    304   64 303.69    -1   -1     -1    -1  1  10  -1  -1  0  1 -1 -1
  408   462319   1451  17504   32  17484    -1   -1     -1    -1  1   9  -1  -1 34  2 -1 -1
  409   462847      5  12600    8  12579    -1   -1     -1    -1  1   8  -1  -1 20  2 -1 -1
  410   470890     10   4657   64   4640    -1   -1     -1    -1  1   8  -1  -1 22  2 -1 -1
  411   472617      0    599   64 598.33    -1   -1     -1    -1  1  10  -1  -1  0  1 -1 -1
  412   475445      7  12635    8  12607    -1   -1     -1    -1  1   8  -1  -1 20  2 -1 -1
  413   475553     12   4701   64   4671    -1   -1     -1    -1  1   8  -1  -1 22  2 -1 -1
  414   479666      0   1231   64   1231    -1   -1     -1    -1  1  10  -1  -1  0  1 -1 -1
  415   480256     14   4691   64   4672    -1   -1     -1    -1  1   8  -1  -1 22  2 -1 -1
  416   484270  86363     43    4     -1    -1   -1     -1    -1  1   1  -1  -1  2  2 -1 -1
  417   484379  86255   1181    1     -1    -1   -1     -1    -1  1   2  -1  -1  2  2 -1 -1
  418   484955      8   4662   64   4641    -1   -1     -1    -1  1   8  -1  -1 22  2 -1 -1
  419   488081      5  12515    8  12496    -1   -1     -1    -1  1   8  -1  -1 20  2 -1 -1
  420   489621     10   4644   64   4629    -1   -1     -1    -1  1   8  -1  -1 22  2 -1 -1
  421   494273     10   4651   64   4630    -1   -1     -1    -1  1   8  -1  -1 22  2 -1 -1
  441   498927      9   4640   64   4621    -1   -1     -1    -1  1   8  -1  -1 22  2 -1 -1
  445   500596      4  10183    8  10165    -1   -1     -1    -1  1   8  -1  -1 20  2 -1 -1
  447   503570      5   4675   64   4659    -1   -1     -1    -1  1   8  -1  -1 22  2 -1 -1
  448   508245     15   2517   64   2255    -1   -1     -1    -1  1   8  -1  -1 22  2 -1 -1
  449   510810      3   5592   64   5581    -1   -1     -1    -1  1   8  -1  -1 22  2 -1 -1
  450   510810  31822  19334   64  19261    -1   -1     -1    -1  1   8  -1  -1 22  2 -1 -1
  451   512451   8551     97   32  22.28    -1   -1     -1    -1  1   7  -1  -1 21  2 -1 -1
  452   512868  42772  43344   64  43004    -1   -1     -1    -1  1   7  -1  -1 23  2 -1 -1
  453   513008  37627  43377   32  42728    -1   -1     -1    -1  1   7  -1  -1 21  2 -1 -1
  454   513079   8030    286   32 241.99    -1   -1     -1    -1  1   7  -1  -1 21  2 -1 -1
  455   513154   7956    286   32 242.44    -1   -1     -1    -1  1   7  -1  -1 21  2 -1 -1
  456   513270   8131   2466   32   2430    -1   -1     -1    -1  1   7  -1  -1 21  2 -1 -1
  457   513339  37959  17700   32  17678    -1   -1     -1    -1  1   7  -1  -1 21  2 -1 -1
  458   513662  39218  23258   32  23237    -1   -1     -1    -1  1   7  -1  -1 21  2 -1 -1
  459   514152      3     28    4   9.90    -1   -1     -1    -1  1  19  -1  -1  2  2 -1 -1
  460   514324      7     28    4  21.60    -1   -1     -1    -1  1  19  -1  -1  2  2 -1 -1
  461   514420      5   1982   16   1646    -1   -1     -1    -1  1   8  -1  -1 20  2 -1 -1
  462   514420  28219  31023   16  30914    -1   -1     -1    -1  1   8  -1  -1 20  2 -1 -1
  463   514480      4     21    4   9.00    -1   -1     -1    -1  1  19  -1  -1  2  2 -1 -1
  464   514501     11     19    4  11.70    -1   -1     -1    -1  1  19  -1  -1  2  2 -1 -1
  465   514635  28019  25518    8  25447    -1   -1     -1    -1  1   8  -1  -1 20  2 -1 -1
  466   514789   6198     66   32  14.29    -1   -1     -1    -1  1   9  -1  -1 34  2 -1 -1
  467   514945      5     26    4  10.80    -1   -1     -1    -1  1  19  -1  -1  2  2 -1 -1
  468   514967      5    112    4  92.70    -1   -1     -1    -1  1  19  -1  -1  2  2 -1 -1
  469   514989      4     38    4  17.10    -1   -1     -1    -1  1  19  -1  -1  2  2 -1 -1
  470   515020     16     27    4  11.70    -1   -1     -1    -1  1  19  -1  -1  2  2 -1 -1
  471   515290      4     55    4  45.90    -1   -1     -1    -1  1  19  -1  -1  2  2 -1 -1
  472   515436      4     19    4  10.80    -1   -1     -1    -1  1  19  -1  -1  2  2 -1 -1
  473   515670   5318     60    4  23.40    -1   -1     -1    -1  1  19  -1  -1  2  2 -1 -1
  474   520978     15     11    1     -1    -1   -1     -1    -1  1   5  -1  -1  1  2 -1 -1
  475   520995     -1  17755   64  16760    -1   -1     -1    -1  0   8  -1  -1 22  2 -1 -1
  476   521000     -1  17750   64  16733    -1   -1     -1    -1  0   7  -1  -1 23  2 -1 -1
  477   521008     -1  17742    8  16744    -1   -1     -1    -1  0   8  -1  -1 20  2 -1 -1
  478   521013     -1  17737   16  16724    -1   -1     -1    -1  0   8  -1  -1 20  2 -1 -1
  479   521106     -1  17644   32  16657    -1   -1     -1    -1  0   7  -1  -1 21  2 -1 -1
  480   521404     -1  17346   32  16374    -1   -1     -1    -1  0   7  -1  -1 21  2 -1 -1
  481   522417      0  10808    1  10807    -1   -1     -1    -1  1  13  -1  -1  0  1 -1 -1
  482   523845  18798    828   64 672.58    -1   -1     -1    -1  1  10  -1  -1 22  2 -1 -1
  483   523875     -1  14875   32  13909    -1   -1     -1    -1  0   7  -1  -1 21  2 -1 -1
  484   525487      5     23    4   6.30    -1   -1     -1    -1  1  19  -1  -1  2  2 -1 -1
  485   525556      6     11    4     -1    -1   -1     -1    -1  1  20  -1  -1  1  2 -1 -1
  486   525583      5     15    8     -1    -1   -1     -1    -1  1  20  -1  -1  3  2 -1 -1
  487   525627      9      8   16     -1    -1   -1     -1    -1  1  20  -1  -1  5  2 -1 -1
  488   527518      3   1062    4   1009    -1   -1     -1    -1  1  20  -1  -1  1  2 -1 -1
  489   527537      5   3766    8   3549    -1   -1     -1    -1  1  20  -1  -1  3  2 -1 -1
  490   527559      7   2575   16   2519    -1   -1     -1    -1  1  20  -1  -1  5  2 -1 -1
  491   529061  13587  25469    8  25363    -1   -1     -1    -1  1   3  -1  -1 20  2 -1 -1
  492   529069  13581  33185    8  33067    -1   -1     -1    -1  1   3  -1  -1 20  2 -1 -1
  493   529070     -1   9680    8   8713    -1   -1     -1    -1  0   3  -1  -1 20  2 -1 -1
  494   529077     -1   9673    8   8707    -1   -1     -1    -1  0   3  -1  -1 20  2 -1 -1
  495   529671      0     95    2 172.80    -1   -1     -1    -1  1  12  -1  -1  0  1 -1 -1
  496   529863      0      4    4 100.80    -1   -1     -1    -1  1  12  -1  -1  0  1 -1 -1
  497   529875      0     95    4 103.50    -1   -1     -1    -1  1  12  -1  -1  0  1 -1 -1
  498   530989      0     23    4  60.30    -1   -1     -1    -1  1  12  -1  -1  0  1 -1 -1
  499   531038      0     97    4 122.40    -1   -1     -1    -1  1  12  -1  -1  0  1 -1 -1
  500   531420      0     28    4 137.70    -1   -1     -1    -1  1  12  -1  -1  0  1 -1 -1
  501   531685  47592  17298   64  17284    -1   -1     -1    -1  1   3  -1  -1 28  2 -1 -1
  502   531898      0     22    4 471.60    -1   -1     -1    -1  1  12  -1  -1  0  1 -1 -1
  503   531939     13    476    4 338.40    -1   -1     -1    -1  1  20  -1  -1  1  2 -1 -1
  504   531968     10    473    8 377.10    -1   -1     -1    -1  1  20  -1  -1  3  2 -1 -1
  505   531995     16    563   16 469.80    -1   -1     -1    -1  1  20  -1  -1  5  2 -1 -1
  506   532201      0     28    4  30.60    -1   -1     -1    -1  1  12  -1  -1  0  1 -1 -1
  507   532368      0     29    4  38.70    -1   -1     -1    -1  1  12  -1  -1  0  1 -1 -1
  508   532475      0     25    4  34.20    -1   -1     -1    -1  1  12  -1  -1  0  1 -1 -1
  509   532545      0     25    4  31.50    -1   -1     -1    -1  1  12  -1  -1  0  1 -1 -1
  510   533015      0     27    4 468.90    -1   -1     -1    -1  1  12  -1  -1  0  1 -1 -1
  511   533200      0     12    4 160.20    -1   -1     -1    -1  1  12  -1  -1  0  1 -1 -1
  512   533273      0     31    4  29.70    -1   -1     -1    -1  1  12  -1  -1  0  1 -1 -1
  513   533391      0     69    4  69.30    -1   -1     -1    -1  1  12  -1  -1  0  1 -1 -1
  514   533513      0    212    4 212.40    -1   -1     -1    -1  1  12  -1  -1  0  1 -1 -1
  515   533792  62789  18121   64  18107    -1   -1     -1    -1  1   3  -1  -1 28  2 -1 -1
  516   534171      0     85    4  85.50    -1   -1     -1    -1  1  12  -1  -1  0  1 -1 -1
  517   534338   8290  17431   32  17372    -1   -1     -1    -1  1   9  -1  -1 34  2 -1 -1
  518   534687      0     67    4  66.60    -1   -1     -1    -1  1  12  -1  -1  0  1 -1 -1
  519   536272      0     61    4  61.20    -1   -1     -1    -1  1  12  -1  -1  0  1 -1 -1
  520   536381      0      4    5   2.16    -1   -1     -1    -1  1   5  -1  -1  0  1 -1 -1
  521   536795   5849   6029   64   5914    -1   -1     -1    -1  1   7  -1  -1 14  2 -1 -1
  522   536799     -1   1951   64 987.02    -1   -1     -1    -1  0   7  -1  -1 14  2 -1 -1
  523   536828   6653   7145   64   7109    -1   -1     -1    -1  1   7  -1  -1 14  2 -1 -1
  524   536848   5806   8639   32   8549    -1   -1     -1    -1  1   7  -1  -1 12  2 -1 -1
  525   536941   8005   8388   32   8364    -1   -1     -1    -1  1   7  -1  -1 12  2 -1 -1
  526   536978  11700   6957   64   6923    -1   -1     -1    -1  1   7  -1  -1 14  2 -1 -1
  527   537001  13635   2239   32   2185    -1   -1     -1    -1  1   7  -1  -1 12  2 -1 -1
  528   537037      0      3    1     -1    -1   -1     -1    -1  1  17  -1  -1  0  1 -1 -1
  529   537042      0      1    2   1.80    -1   -1     -1    -1  1  17  -1  -1  0  1 -1 -1
  530   537068      0   1682    1 738.00    -1   -1     -1    -1  0  17  -1  -1  0  1 -1 -1
  531   537086   5539   2312   32   2192    -1   -1     -1    -1  1   7  -1  -1  8  2 -1 -1
  532   537447      0      4    1   7.20    -1   -1     -1    -1  1  16  -1  -1  0  1 -1 -1
  533   537462      0     13    1  21.60    -1   -1     -1    -1  1  16  -1  -1  0  1 -1 -1
  534   537513      0     23    1  61.20    -1   -1     -1    -1  1  16  -1  -1  0  1 -1 -1
  535   537537      0     13    2  14.40    -1   -1     -1    -1  1  16  -1  -1  0  1 -1 -1
  536   537551      0      3    3   3.60    -1   -1     -1    -1  1  16  -1  -1  0  1 -1 -1
  537   537590      0      4    1  39.60    -1   -1     -1    -1  1  16  -1  -1  0  1 -1 -1
  538   537595      0      3    2   3.60    -1   -1     -1    -1  1  16  -1  -1  0  1 -1 -1
  539   537599      0      4    3   3.60    -1   -1     -1    -1  1  16  -1  -1  0  1 -1 -1
  540   537603      0      4    4   4.50    -1   -1     -1    -1  1  16  -1  -1  0  1 -1 -1
  541   537608      0      3    5   4.32    -1   -1     -1    -1  1  16  -1  -1  0  1 -1 -1
  542   537612      0      4    6   4.80    -1   -1     -1    -1  1  16  -1  -1  0  1 -1 -1
  543   537617      0      4    7   4.63    -1   -1     -1    -1  1  16  -1  -1  0  1 -1 -1
  544   537621      0      4    2   3.60    -1   -1     -1    -1  1  16  -1  -1  0  1 -1 -1
  545   537625      0      4    4   4.50    -1   -1     -1    -1  1  16  -1  -1  0  1 -1 -1
  546   537628      0     36    2  39.60    -1   -1     -1    -1  1  12  -1  -1  0  1 -1 -1
  547   537629      0      4    6   4.20    -1   -1     -1    -1  1  16  -1  -1  0  1 -1 -1
  548   537634      0      3    3   3.60    -1   -1     -1    -1  1  16  -1  -1  0  1 -1 -1
  549   537638      0      3    6   3.60    -1   -1     -1    -1  1  16  -1  -1  0  1 -1 -1
  550   537642      0      3    4   3.60    -1   -1     -1    -1  1  16  -1  -1  0  1 -1 -1
  551   537646      0      3    5   3.60    -1   -1     -1    -1  1  16  -1  -1  0  1 -1 -1
  552   537650      0      4    6   4.20    -1   -1     -1    -1  1  16  -1  -1  0  1 -1 -1
  553   537654      0      3    7   3.60    -1   -1     -1    -1  1  16  -1  -1  0  1 -1 -1
  554   537658      0      9    1   7.20    -1   -1     -1    -1  1  16  -1  -1  0  1 -1 -1
  555   537668      0      6    2   7.20    -1   -1     -1    -1  1  16  -1  -1  0  1 -1 -1
  556   537674      0      6    3   6.00    -1   -1     -1    -1  1  16  -1  -1  0  1 -1 -1
  557   537680      0      6    4   5.40    -1   -1     -1    -1  1  16  -1  -1  0  1 -1 -1
  558   537686      0      5    5   5.76    -1   -1     -1    -1  1  16  -1  -1  0  1 -1 -1
  559   537692      0      5    6   5.40    -1   -1     -1    -1  1  16  -1  -1  0  1 -1 -1
  560   537698      0      5    7   5.66    -1   -1     -1    -1  1  16  -1  -1  0  1 -1 -1
  561   537704      0      5    2   5.40    -1   -1     -1    -1  1  16  -1  -1  0  1 -1 -1
  562   537704      0    161    2 162.00    -1   -1     -1    -1  1  12  -1  -1  0  1 -1 -1
  563   537709      0      5    4   5.40    -1   -1     -1    -1  1  16  -1  -1  0  1 -1 -1
  564   537715      0      5    6   6.00    -1   -1     -1    -1  1  16  -1  -1  0  1 -1 -1
  565   537721      0      4    3   4.80    -1   -1     -1    -1  1  16  -1  -1  0  1 -1 -1
  566   537726      0      5    6   4.80    -1   -1     -1    -1  1  16  -1  -1  0  1 -1 -1
  567   537731      0      5    4   5.40    -1   -1     -1    -1  1  16  -1  -1  0  1 -1 -1
  568   537736      0      5    5   5.04    -1   -1     -1    -1  1  16  -1  -1  0  1 -1 -1
  569   537741      0      5    6   4.80    -1   -1     -1    -1  1  16  -1  -1  0  1 -1 -1
  570   537746      0      4    7   4.63    -1   -1     -1    -1  1  16  -1  -1  0  1 -1 -1
  571   537751      0     22    1  21.60    -1   -1     -1    -1  1  16  -1  -1  0  1 -1 -1
  572   537774      0     14    2  14.40    -1   -1     -1    -1  1  16  -1  -1  0  1 -1 -1
  573   537788      0     11    3  12.00    -1   -1     -1    -1  1  16  -1  -1  0  1 -1 -1
  574   537800      0      9    4   9.90    -1   -1     -1    -1  1  16  -1  -1  0  1 -1 -1
  575   537826      0      2    5  11.52    -1   -1     -1    -1  1  16  -1  -1  0  1 -1 -1
  576   537829      0      2    6  10.20    -1   -1     -1    -1  1  16  -1  -1  0  1 -1 -1
  577   537832      0      8    7   9.26    -1   -1     -1    -1  1  16  -1  -1  0  1 -1 -1
  578   537841      0     15    2  16.20    -1   -1     -1    -1  1  16  -1  -1  0  1 -1 -1
  579   537857      0      8    4   9.00    -1   -1     -1    -1  1  16  -1  -1  0  1 -1 -1
  580   537866      0      7    6   7.80    -1   -1     -1    -1  1  16  -1  -1  0  1 -1 -1
  581   537874      0      9    3   9.60    -1   -1     -1    -1  1  16  -1  -1  0  1 -1 -1
  582   537884      0      6    6   7.20    -1   -1     -1    -1  1  16  -1  -1  0  1 -1 -1
  583   537891      0      7    4   8.10    -1   -1     -1    -1  1  16  -1  -1  0  1 -1 -1
  584   537899      0      7    5   7.20    -1   -1     -1    -1  1  16  -1  -1  0  1 -1 -1
  585   537907      0      6    6   6.60    -1   -1     -1    -1  1  16  -1  -1  0  1 -1 -1
  586   537914      0      5    7   6.69    -1   -1     -1    -1  1  16  -1  -1  0  1 -1 -1
  587   548516   4828    239   32 221.06    -1   -1     -1    -1  1   7  -1  -1 21  2 -1 -1
  588   548575   5018    236   32 222.41    -1   -1     -1    -1  1   7  -1  -1 21  2 -1 -1
  589   548640   5193   1749   32   1735    -1   -1     -1    -1  1   7  -1  -1 21  2 -1 -1
  590   548716  11349  43342   32  43213    -1   -1     -1    -1  1   7  -1  -1 21  2 -1 -1
  591   552565      0    340    2 340.20    -1   -1     -1    -1  1  12  -1  -1  0  1 -1 -1
  592   552928      0    104    2 102.60    -1   -1     -1    -1  1  12  -1  -1  0  1 -1 -1
  593   553257      5    408    4 396.90    -1   -1     -1    -1  1  12  -1  -1 20  2 -1 -1
  594   553687      0     80    4  79.20    -1   -1     -1    -1  1  12  -1  -1  0  1 -1 -1
  595   553845      0     63    4  63.00    -1   -1     -1    -1  1  12  -1  -1  0  1 -1 -1
  596   554029      0    101    4 100.80    -1   -1     -1    -1  1  12  -1  -1  0  1 -1 -1
  597   554168      0     22    4  22.50    -1   -1     -1    -1  1  12  -1  -1  0  1 -1 -1
  598   554325      0      6    4   5.40    -1   -1     -1    -1  1  12  -1  -1  0  1 -1 -1
  599   554401      0     44    4  44.10    -1   -1     -1    -1  1  12  -1  -1  0  1 -1 -1
  600   554538      5     81    4  70.20    -1   -1     -1    -1  1  12  -1  -1  2  2 -1 -1
  601   554908    680   6667   16   6653    -1   -1     -1    -1  1  12  -1  -1 20  2 -1 -1
  602   555188      6    104    4  93.60    -1   -1     -1    -1  1  12  -1  -1  2  2 -1 -1
  603   555312      4     84    4  73.80    -1   -1     -1    -1  1  12  -1  -1  2  2 -1 -1
  604   555538     49   8221   16   8207    -1   -1     -1    -1  1  12  -1  -1 20  2 -1 -1
  605   561962  32058  22508   64  22487    -1   -1     -1    -1  1   8  -1  -1 22  2 -1 -1
  606   568109      7  24968    8  24950    -1   -1     -1    -1  1   3  -1  -1 20  2 -1 -1
  607   568166      5  25230    8  25210    -1   -1     -1    -1  1   8  -1  -1 20  2 -1 -1
  608   570669  86369     51    4     -1    -1   -1     -1    -1  1   1  -1  -1  2  2 -1 -1
  609   571813  85224    566    1     -1    -1   -1     -1    -1  1   2  -1  -1  2  2 -1 -1
  610   573659      7  30719   16  30689    -1   -1     -1    -1  1   8  -1  -1 20  2 -1 -1
  611   575831      5  33273    8  33244    -1   -1     -1    -1  1   3  -1  -1 20  2 -1 -1
  635   593079      4  25046    8  25024    -1   -1     -1    -1  1   3  -1  -1 20  2 -1 -1
  636   593396      4  25511    8  25492    -1   -1     -1    -1  1   8  -1  -1 20  2 -1 -1
  637   595826      4   1131   16   1120    -1   -1     -1    -1  1  12  -1  -1 11  2 -1 -1
  638   597395   1594  10991   16  10980    -1   -1     -1    -1  1  12  -1  -1 20  2 -1 -1
  639   600721      7  31949   16  31926    -1   -1     -1    -1  1   3  -1  -1 20  2 -1 -1
  640   601162      4  36774   32  36749    -1   -1     -1    -1  1   7  -1  -1 21  2 -1 -1
  641   601225      7   6198   64   6167    -1   -1     -1    -1  1   7  -1  -1 13  2 -1 -1
  642   602515   4921   6913   64   6878    -1   -1     -1    -1  1   7  -1  -1 13  2 -1 -1
  643   604370     17  30717   16  30691    -1   -1     -1    -1  1   8  -1  -1 20  2 -1 -1
  644   607013      0     18    8  18.45    -1   -1     -1    -1  1   7  -1  -1  0  1 -1 -1
  645   607444      0     29    8  29.25    -1   -1     -1    -1  1   7  -1  -1  0  1 -1 -1
  646   607643      0     34    2  34.20    -1   -1     -1    -1  1   7  -1  -1  0  1 -1 -1
  647   608589      0     18    8  17.10    -1   -1     -1    -1  1   7  -1  -1  0  1 -1 -1
  648   608817      0      7    8   5.85    -1   -1     -1    -1  1   7  -1  -1  0  1 -1 -1
  649   608860      0      6    8   5.40    -1   -1     -1    -1  1   7  -1  -1  0  1 -1 -1
  650   608901      0     13    8  12.60    -1   -1     -1    -1  1   7  -1  -1  0  1 -1 -1
  651   609098      0      9    8   9.45    -1   -1     -1    -1  1   7  -1  -1  0  1 -1 -1
  652   609102      9  33023    8  32988    -1   -1     -1    -1  1   3  -1  -1 20  2 -1 -1
  653   609131      0     13    8  13.05    -1   -1     -1    -1  1   7  -1  -1  0  1 -1 -1
  654   610300      0     13    8  13.50    -1   -1     -1    -1  1   7  -1  -1  0  1 -1 -1
  655   612503      4    171    4 138.60    -1   -1     -1    -1  1  20  -1  -1  1  2 -1 -1
  656   612521      5    161    8 130.95    -1   -1     -1    -1  1  20  -1  -1  3  2 -1 -1
  657   612546      8    184   16 163.35    -1   -1     -1    -1  1  20  -1  -1  5  2 -1 -1
  658   613010      0     16    8  16.20    -1   -1     -1    -1  1   7  -1  -1  0  1 -1 -1
  659   613513      0     14    8  13.95    -1   -1     -1    -1  1   7  -1  -1  0  1 -1 -1
  660   613616      0     14    8  13.50    -1   -1     -1    -1  1   7  -1  -1  0  1 -1 -1
  661   613740      0    640   64 639.73    -1   -1     -1    -1  1  10  -1  -1  0  1 -1 -1
  662   614629      0     46    8  45.90    -1   -1     -1    -1  1  10  -1  -1  0  1 -1 -1
  663   615082      4    219   16 198.00    -1   -1     -1    -1  1  20  -1  -1  5  2 -1 -1
  664   615485      4    216    8 194.85    -1   -1     -1    -1  1  20  -1  -1  3  2 -1 -1
  665   616524      5  29342   64  29318    -1   -1     -1    -1  1   8  -1  -1 22  2 -1 -1
  666   617501      0     15    8  14.40    -1   -1     -1    -1  1   7  -1  -1  0  1 -1 -1
  667   617767      0     22    8  22.50    -1   -1     -1    -1  1   7  -1  -1  0  1 -1 -1
  668   617797      0     11    2  10.80    -1   -1     -1    -1  1   7  -1  -1  0  1 -1 -1
  669   617852      0     39    2  39.60    -1   -1     -1    -1  1   7  -1  -1  0  1 -1 -1
  670   618124      6  25409    8  25387    -1   -1     -1    -1  1   3  -1  -1 20  2 -1 -1
  671   618207      0     13    8  13.05    -1   -1     -1    -1  1   7  -1  -1  0  1 -1 -1
  672   618229      0     35    2  36.00    -1   -1     -1    -1  1   7  -1  -1  0  1 -1 -1
  673   618354      0     11    8  10.35    -1   -1     -1    -1  1   7  -1  -1  0  1 -1 -1
  674   618464      0      9    8   9.90    -1   -1     -1    -1  1   7  -1  -1  0  1 -1 -1
  675   618650      0      6    8   6.30    -1   -1     -1    -1  1   7  -1  -1  0  1 -1 -1
  676   618728      0      7    8   6.75    -1   -1     -1    -1  1   7  -1  -1  0  1 -1 -1
  677   618761      0     16    8  16.65    -1   -1     -1    -1  1   7  -1  -1  0  1 -1 -1
  678   618788      0      9    8   9.45    -1   -1     -1    -1  1   7  -1  -1  0  1 -1 -1
  679   618906     10  25574    8  25546    -1   -1     -1    -1  1   8  -1  -1 20  2 -1 -1
  680   618967      0      8    8   8.55    -1   -1     -1    -1  1   7  -1  -1  0  1 -1 -1
  681   618986      0     10    8   9.45    -1   -1     -1    -1  1   7  -1  -1  0  1 -1 -1
  682   618992      5  43347   32  43242    -1   -1     -1    -1  1   7  -1  -1 21  2 -1 -1
  683   619053      5   7728   32   7696    -1   -1     -1    -1  1   7  -1  -1 21  2 -1 -1
  684   619213      5  14014   32  13984    -1   -1     -1    -1  1   7  -1  -1 21  2 -1 -1
  685   619415   7376  17472   32  17456    -1   -1     -1    -1  1   9  -1  -1 34  2 -1 -1
  686   621239      0   5537   64   5537    -1   -1     -1    -1  1  10  -1  -1  0  1 -1 -1
  687   621317      5    866   16 853.43    -1   -1     -1    -1  1  12  -1  -1  7  2 -1 -1
  688   622400      8   3753   16   2900    -1   -1     -1    -1  1  12  -1  -1  7  2 -1 -1
  689   627997      5   8367   16   8355    -1   -1     -1    -1  1  12  -1  -1 20  2 -1 -1
  690   628086      0      9    8   9.45    -1   -1     -1    -1  1   7  -1  -1  0  1 -1 -1
  691   629181      0   1193   64   1192    -1   -1     -1    -1  1  10  -1  -1  0  1 -1 -1
  692   630993      0     94   64  93.77    -1   -1     -1    -1  1  10  -1  -1  0  1 -1 -1
  693   632672      5  31653   16  31629    -1   -1     -1    -1  1   3  -1  -1 20  2 -1 -1
  694   635100      5  30760   16  30740    -1   -1     -1    -1  1   8  -1  -1 20  2 -1 -1
  695   638472      0      1    1     -1    -1   -1     -1    -1  1  14  -1  -1  0  1 -1 -1
  696   638714      0      1    1     -1    -1   -1     -1    -1  1  14  -1  -1  0  1 -1 -1
  697   638718      0      0    1     -1    -1   -1     -1    -1  1  14  -1  -1  0  1 -1 -1
  698   638767      0      1    1     -1    -1   -1     -1    -1  1  14  -1  -1  0  1 -1 -1
  699   638796      0      0    1     -1    -1   -1     -1    -1  1  14  -1  -1  0  1 -1 -1
  700   638807      0      1    1     -1    -1   -1     -1    -1  1  14  -1  -1  0  1 -1 -1
  701   638815      0      1    1     -1    -1   -1     -1    -1  1  14  -1  -1  0  1 -1 -1
  702   638818      0      1    1     -1    -1   -1     -1    -1  1  14  -1  -1  0  1 -1 -1
  703   638821      0      1    1     -1    -1   -1     -1    -1  1  14  -1  -1  0  1 -1 -1
  704   638871      0      3    1   3.60    -1   -1     -1    -1  1  14  -1  -1  0  1 -1 -1
  705   638888      0     25    1  25.20    -1   -1     -1    -1  1  14  -1  -1  0  1 -1 -1
  706   640864  40439  43345  128  43228    -1   -1     -1    -1  1  13  -1  -1 25  2 -1 -1
  707   641996      0      3   10   2.52    -1   -1     -1    -1  1  14  -1  -1  0  1 -1 -1
  708   642120     16  32858    8  32832    -1   -1     -1    -1  1   3  -1  -1 20  2 -1 -1
  709   642949      0     56   32  55.80    -1   -1     -1    -1  1   3  -1  -1  0  1 -1 -1
  710   643011      0     55   32  54.67    -1   -1     -1    -1  1   3  -1  -1  0  1 -1 -1
  711   643162      0     50   32  49.27    -1   -1     -1    -1  1   3  -1  -1  0  1 -1 -1
  712   643534      6  25059    8  25039    -1   -1     -1    -1  1   3  -1  -1 20  2 -1 -1
  713   644485      7  25426    8  25408    -1   -1     -1    -1  1   8  -1  -1 20  2 -1 -1
  714   645862     14  31077   64  31053    -1   -1     -1    -1  1   8  -1  -1 22  2 -1 -1
  715   651036      0      1    1     -1    -1   -1     -1    -1  1  21  -1  -1  0  1 -1 -1
  716   657082  86354     53    4     -1    -1   -1     -1    -1  1   1  -1  -1  2  2 -1 -1
  717   657600  85838   1995    1     -1    -1   -1     -1    -1  1   2  -1  -1  2  2 -1 -1
  718   664321      7  31709   16  31685    -1   -1     -1    -1  1   3  -1  -1 20  2 -1 -1
  719   665859      8  31103   16  31085    -1   -1     -1    -1  1   8  -1  -1 20  2 -1 -1
  727   668592      6  25468    8  25444    -1   -1     -1    -1  1   3  -1  -1 20  2 -1 -1
  728   669914      6  25336    8  25311    -1   -1     -1    -1  1   8  -1  -1 20  2 -1 -1
  745   674985      9  32757    8  32731    -1   -1     -1    -1  1   3  -1  -1 20  2 -1 -1
  746   676941     17  34875   64  34851    -1   -1     -1    -1  1   8  -1  -1 22  2 -1 -1
  747   681828      0      1    1     -1    -1   -1     -1    -1  1  21  -1  -1  0  1 -1 -1
  748   683360      0    129    4 127.80    -1   -1     -1    -1  1  12  -1  -1  0  1 -1 -1
  749   683589      0    125    4 125.10    -1   -1     -1    -1  1  12  -1  -1  0  1 -1 -1
  750   683961      0     62   64  62.49    -1   -1     -1    -1  1  12  -1  -1  0  1 -1 -1
  751   684041      0    125    4 125.10    -1   -1     -1    -1  1  12  -1  -1  0  1 -1 -1
  752   684272      0    126    4 126.00    -1   -1     -1    -1  1  12  -1  -1  0  1 -1 -1
  753   686069      5   8361   16   8347    -1   -1     -1    -1  1  12  -1  -1 20  2 -1 -1
  754   688348      0     17    4  17.10    -1   -1     -1    -1  1   7  -1  -1  0  1 -1 -1
  755   688798      0     24    8  24.75    -1   -1     -1    -1  1   7  -1  -1  0  1 -1 -1
  756   688832      0     15    4  14.40    -1   -1     -1    -1  1   7  -1  -1  0  1 -1 -1
  757   688915      0     15    4  14.40    -1   -1     -1    -1  1   7  -1  -1  0  1 -1 -1
  758   689214  25156  43361   32  43276    -1   -1     -1    -1  1   7  -1  -1 21  2 -1 -1
  759   689273      0     14    8  13.95    -1   -1     -1    -1  1   7  -1  -1  0  1 -1 -1
  760   689291      0     15    4  15.30    -1   -1     -1    -1  1   7  -1  -1  0  1 -1 -1
  761   689574      0     30    8  29.70    -1   -1     -1    -1  1   7  -1  -1  0  1 -1 -1
  762   689652      0     19    4  18.00    -1   -1     -1    -1  1   7  -1  -1  0  1 -1 -1
  763   689813      0     18    8  18.00    -1   -1     -1    -1  1   7  -1  -1  0  1 -1 -1
  764   689838      0     15    4  15.30    -1   -1     -1    -1  1   7  -1  -1  0  1 -1 -1
  765   689971      0    810   32 809.44    -1   -1     -1    -1  1   7  -1  -1  0  1 -1 -1
  766   691710   5269  17375   32  17354    -1   -1     -1    -1  1   9  -1  -1 34  2 -1 -1
  767   691885 360780    108  256  83.47    -1   -1     -1    -1  1  22  -1  -1 17  2 -1 -1
  768   691909      0     45    4  45.00    -1   -1     -1    -1  1  22  -1  -1  0  1 -1 -1
  769   691961      0     67    4  66.60    -1   -1     -1    -1  1  22  -1  -1  0  1 -1 -1
  770   692453  19384  17926   64  17913    -1   -1     -1    -1  1   3  -1  -1 22  2 -1 -1
  771   692571  25659  17260   64  17245    -1   -1     -1    -1  1   3  -1  -1 22  2 -1 -1
  772   692849  31819  16866   64  16833    -1   -1     -1    -1  1   3  -1  -1 22  2 -1 -1
  773   693565      0      6    4   1.80    -1   -1     -1    -1  1   5  -1  -1  0  1 -1 -1
  774   694060      9  25392    8  25367    -1   -1     -1    -1  1   3  -1  -1 20  2 -1 -1
  775   694962      0     26   32  25.65    -1   -1     -1    -1  1   5  -1  -1  0  1 -1 -1
  776   694995      0     55   32  54.23    -1   -1     -1    -1  1   5  -1  -1  0  1 -1 -1
  777   695246     10  25387    8  25358    -1   -1     -1    -1  1   8  -1  -1 20  2 -1 -1
  778   695327      0     33   32  33.19    -1   -1     -1    -1  1   5  -1  -1  0  1 -1 -1
  779   695410      0   1080   32   1080    -1   -1     -1    -1  1   5  -1  -1  0  1 -1 -1
  780   695444      0     31    8  31.05    -1   -1     -1    -1  1   7  -1  -1  0  1 -1 -1
  781   695512      0    811   32 847.57    -1   -1     -1    -1  1   7  -1  -1  0  1 -1 -1
  782   696032      5  31806   16  31786    -1   -1     -1    -1  1   3  -1  -1 20  2 -1 -1
  783   696638      5   2144   16   2131    -1   -1     -1    -1  1  12  -1  -1  7  2 -1 -1
  784   696704      0     25    8  24.30    -1   -1     -1    -1  1   7  -1  -1  0  1 -1 -1
  785   697091      0     18    8  18.00    -1   -1     -1    -1  1   7  -1  -1  0  1 -1 -1
  786   697288      0    133    4 132.30    -1   -1     -1    -1  1   3  -1  -1  0  1 -1 -1
  787   697740      5   4565    4   4554    -1   -1     -1    -1  1   3  -1  -1 28  2 -1 -1
  788   699157      6     18   16     -1    -1   -1     -1    -1  1  12  -1  -1  7  2 -1 -1
  789   699300      0     22    8  21.60    -1   -1     -1    -1  1   7  -1  -1  0  1 -1 -1
  790   699460      0      0    8   0.45    -1   -1     -1    -1  1   7  -1  -1  0  1 -1 -1
  791   699481      0      0    8   0.45    -1   -1     -1    -1  1   7  -1  -1  0  1 -1 -1
  792   699490      0     16    8  15.30    -1   -1     -1    -1  1   7  -1  -1  0  1 -1 -1
  793   699622      0     16    8  16.20    -1   -1     -1    -1  1   7  -1  -1  0  1 -1 -1
  794   702920      7   5627    4   5612    -1   -1     -1    -1  1   3  -1  -1 28  2 -1 -1
  795   703012      0   1178   64   1177    -1   -1     -1    -1  1  10  -1  -1  0  1 -1 -1
  796   704318      0     23   64  23.12    -1   -1     -1    -1  1  10  -1  -1  0  1 -1 -1
  797   704370      0   1277   64   1277    -1   -1     -1    -1  1  10  -1  -1  0  1 -1 -1
  798   705615      5    344    4 325.80    -1   -1     -1    -1  1  12  -1  -1  2  2 -1 -1
  799   705988      0     80    4  80.10    -1   -1     -1    -1  1  12  -1  -1  0  1 -1 -1
  800   706125      0    559   64 558.68    -1   -1     -1    -1  1  10  -1  -1  0  1 -1 -1
  801   706322      6    228    4 204.30    -1   -1     -1    -1  1  12  -1  -1  2  2 -1 -1
  802   706708      0     37    2  37.80    -1   -1     -1    -1  1  12  -1  -1  0  1 -1 -1
  803   706768      0   1236   64   1236    -1   -1     -1    -1  1  10  -1  -1  0  1 -1 -1
  804   707746     17  32920    8  32892    -1   -1     -1    -1  1   3  -1  -1 20  2 -1 -1
  805   708249      0     33    2  32.40    -1   -1     -1    -1  1  12  -1  -1  0  1 -1 -1
  806   708363      0   1281   64   1280    -1   -1     -1    -1  1  10  -1  -1  0  1 -1 -1
  807   709029      4     47    4  36.90    -1   -1     -1    -1  1  12  -1  -1  2  2 -1 -1
  808   709520      4     87    4  74.70    -1   -1     -1    -1  1  12  -1  -1  2  2 -1 -1
  809   709831      5    305   16  73.80    -1   -1     -1    -1  1  12  -1  -1  7  2 -1 -1
  810   710618      0      1    1     -1    -1   -1     -1    -1  1  21  -1  -1  0  1 -1 -1
  811   710661      0    155   16 155.25    -1   -1     -1    -1  1  21  -1  -1  0  1 -1 -1
  812   711825  17945  34209   64  34180    -1   -1     -1    -1  1   8  -1  -1 22  2 -1 -1
  813   714381      0   1254   16   1253    -1   -1     -1    -1  1  21  -1  -1  0  1 -1 -1
  814   718633   6038  17512   32  17483    -1   -1     -1    -1  1   9  -1  -1 34  2 -1 -1
  815   719455      7  25569    8  25532    -1   -1     -1    -1  1   3  -1  -1 20  2 -1 -1
  816   719974      0      2    4   1.80    -1   -1     -1    -1  1  21  -1  -1  0  1 -1 -1
  817   720518      0     73   64  73.24    -1   -1     -1    -1  1   3  -1  -1  0  1 -1 -1
  818   720630     15  25194    8  25175    -1   -1     -1    -1  1   8  -1  -1 20  2 -1 -1
  819   720822      0    201   64 201.09    -1   -1     -1    -1  1   3  -1  -1  0  1 -1 -1
  820   720920   3746  34064   11  34024    -1   -1     -1    -1  1   6  -1  -1 21  2 -1 -1
  821   720988   3681  34192   11  34145    -1   -1     -1    -1  1   6  -1  -1 21  2 -1 -1
  822   721786      0     73    4  72.90    -1   -1     -1    -1  1   3  -1  -1  0  1 -1 -1
  823   721882      0     41    4  40.50    -1   -1     -1    -1  1   3  -1  -1  0  1 -1 -1
  824   721981      0     37    4  36.00    -1   -1     -1    -1  1   3  -1  -1  0  1 -1 -1
  825   722101     10   6740    4   6719    -1   -1     -1    -1  1   3  -1  -1 20  2 -1 -1
  826   722112     10     94    4  84.60    -1   -1     -1    -1  1   3  -1  -1 20  2 -1 -1
  827   722765      0      2    1     -1    -1   -1     -1    -1  1  14  -1  -1  0  1 -1 -1
  828   722893      0      2   10   2.52    -1   -1     -1    -1  1  14  -1  -1  0  1 -1 -1
  829   723030      0      3   10   2.88    -1   -1     -1    -1  1  14  -1  -1  0  1 -1 -1
  830   723746      0      3    4   1.80    -1   -1     -1    -1  1  21  -1  -1  0  1 -1 -1
  831   723758      0      9   16   8.55    -1   -1     -1    -1  1  21  -1  -1  0  1 -1 -1
  832   723780      0     60   16  59.62    -1   -1     -1    -1  1  21  -1  -1  0  1 -1 -1
  833   724490      0      9   16   8.78    -1   -1     -1    -1  1  21  -1  -1  0  1 -1 -1
  834   724518      0     10   16   9.67    -1   -1     -1    -1  1  21  -1  -1  0  1 -1 -1
  835   724537      0      9   16   8.78    -1   -1     -1    -1  1  21  -1  -1  0  1 -1 -1
  836   725916      0      9   16   9.22    -1   -1     -1    -1  1  21  -1  -1  0  1 -1 -1
  837   726019      0     10   16   9.67    -1   -1     -1    -1  1  21  -1  -1  0  1 -1 -1
  838   727792  13749  43352  128  43325    -1   -1     -1    -1  1  13  -1  -1 25  2 -1 -1
  839   727839     13  31553   16  31533    -1   -1     -1    -1  1   3  -1  -1 20  2 -1 -1
  840   734184      0      6    8   5.85    -1   -1     -1    -1  1  21  -1  -1  0  1 -1 -1
  841   734199      0      5    8   4.50    -1   -1     -1    -1  1  21  -1  -1  0  1 -1 -1
  842   735756      0      5    8   4.95    -1   -1     -1    -1  1  21  -1  -1  0  1 -1 -1
  843   735780      0      5    8   4.50    -1   -1     -1    -1  1  21  -1  -1  0  1 -1 -1
  844   740677      9  33184    8  33157    -1   -1     -1    -1  1   3  -1  -1 20  2 -1 -1
  845   743480  86364     53    4     -1    -1   -1     -1    -1  1   1  -1  -1  2  2 -1 -1
  846   744257      0     11   64  11.19    -1   -1     -1    -1  1  11  -1  -1  0  1 -1 -1
  847   744297      0      2    1     -1    -1   -1     -1    -1  1  11  -1  -1  0  1 -1 -1
  848   744324      0      1    1     -1    -1   -1     -1    -1  1  11  -1  -1  0  1 -1 -1
  849   744346      0      2    1     -1    -1   -1     -1    -1  1  11  -1  -1  0  1 -1 -1
  850   744356      0      1    1     -1    -1   -1     -1    -1  1  11  -1  -1  0  1 -1 -1
  851   745025     14  25665    8  25637    -1   -1     -1    -1  1   3  -1  -1 20  2 -1 -1
  852   745428  84414   2117    1     -1    -1   -1     -1    -1  1   2  -1  -1  2  2 -1 -1
  853   745834      6  24717    8  24692    -1   -1     -1    -1  1   8  -1  -1 20  2 -1 -1
  854   748513      0     11    2   9.00    -1   -1     -1    -1  1  11  -1  -1  0  1 -1 -1
  855   749354      0      1    2   1.80    -1   -1     -1    -1  1  11  -1  -1  0  1 -1 -1
  856   749410      0      2    2   1.80    -1   -1     -1    -1  1  11  -1  -1  0  1 -1 -1
  857   749826      0      2    2   1.80    -1   -1     -1    -1  1  11  -1  -1  0  1 -1 -1
  858   750124      0      1    1     -1    -1   -1     -1    -1  1  11  -1  -1  0  1 -1 -1
  859   750136      0      1    1     -1    -1   -1     -1    -1  1  11  -1  -1  0  1 -1 -1
  860   750602      0      2    2   1.80    -1   -1     -1    -1  1  11  -1  -1  0  1 -1 -1
  861   751958      0      3    2   1.80    -1   -1     -1    -1  1  11  -1  -1  0  1 -1 -1
  869   754909      0      1    1     -1    -1   -1     -1    -1  1  11  -1  -1  0  1 -1 -1
  870   754916      0      1    1     -1    -1   -1     -1    -1  1  11  -1  -1  0  1 -1 -1
  871   754926      0      1    1     -1    -1   -1     -1    -1  1  11  -1  -1  0  1 -1 -1
  872   755326      0      3    2   1.80    -1   -1     -1    -1  1  11  -1  -1  0  1 -1 -1
  873   755363      0      2    1     -1    -1   -1     -1    -1  1  11  -1  -1  0  1 -1 -1
  874   755374      0      1    1     -1    -1   -1     -1    -1  1  11  -1  -1  0  1 -1 -1
  875   755383      0      1    1     -1    -1   -1     -1    -1  1  11  -1  -1  0  1 -1 -1
  876   755389      0      1    1     -1    -1   -1     -1    -1  1  11  -1  -1  0  1 -1 -1
  877   755572      0      2    2   1.80    -1   -1     -1    -1  1  11  -1  -1  0  1 -1 -1
  878   755916      0      1    1     -1    -1   -1     -1    -1  1  11  -1  -1  0  1 -1 -1
  879   755923      0      2    1     -1    -1   -1     -1    -1  1  11  -1  -1  0  1 -1 -1
  895   758735      0      2    2   1.80    -1   -1     -1    -1  1  11  -1  -1  0  1 -1 -1
  896   758748      0     54    1  54.00    -1   -1     -1    -1  1  11  -1  -1  0  1 -1 -1
  897   758817      0      7    1   7.20    -1   -1     -1    -1  1  11  -1  -1  0  1 -1 -1
  898   759112      0      1    2   1.80    -1   -1     -1    -1  1  11  -1  -1  0  1 -1 -1
  899   759122      0      1    1     -1    -1   -1     -1    -1  1  11  -1  -1  0  1 -1 -1
  900   759128      0      1    1     -1    -1   -1     -1    -1  1  11  -1  -1  0  1 -1 -1
  901   759399     10  31860   16  31836    -1   -1     -1    -1  1   3  -1  -1 20  2 -1 -1
  902   759535      0      2    2   1.80    -1   -1     -1    -1  1  11  -1  -1  0  1 -1 -1
  903   759546      0      1    1     -1    -1   -1     -1    -1  1  11  -1  -1  0  1 -1 -1
  904   759561      0      1    1     -1    -1   -1     -1    -1  1  11  -1  -1  0  1 -1 -1
  905   759817      0      1    2   1.80    -1   -1     -1    -1  1  11  -1  -1  0  1 -1 -1
  906   759828      0      1    1     -1    -1   -1     -1    -1  1  11  -1  -1  0  1 -1 -1
  907   759846      0      1    1     -1    -1   -1     -1    -1  1  11  -1  -1  0  1 -1 -1
  909   763968     12  32733   64  32706    -1   -1     -1    -1  1   8  -1  -1 22  2 -1 -1
  910   770550     11  25012    8  24981    -1   -1     -1    -1  1   8  -1  -1 20  2 -1 -1
  911   770697      9  25293    8  25268    -1   -1     -1    -1  1   3  -1  -1 20  2 -1 -1
  912   771049      6  17422   32  17406    -1   -1     -1    -1  1   9  -1  -1 34  2 -1 -1
  913   771385      7      7    4     -1    -1   -1     -1    -1  1   3  -1  -1 20  2 -1 -1
  914   771565      6   3873    4   3861    -1   -1     -1    -1  1   3  -1  -1 20  2 -1 -1
  915   771689      7   3590    4   3576    -1   -1     -1    -1  1   3  -1  -1 20  2 -1 -1
  916   773865      9  32400    8  32375    -1   -1     -1    -1  1   3  -1  -1 20  2 -1 -1
  917   783915      0      5    8   4.50    -1   -1     -1    -1  1  21  -1  -1  0  1 -1 -1
  918   783932      0     38    8  38.25    -1   -1     -1    -1  1  21  -1  -1  0  1 -1 -1
  919   784098      0      5    8   5.40    -1   -1     -1    -1  1  21  -1  -1  0  1 -1 -1
  920   784112      0     20    8  20.25    -1   -1     -1    -1  1  21  -1  -1  0  1 -1 -1
  921   784882      0     11   64  10.74    -1   -1     -1    -1  1  14  -1  -1  0  1 -1 -1
  922   784901      0      3   10   2.88    -1   -1     -1    -1  1  14  -1  -1  0  1 -1 -1
  923   784933      0      2   10   2.52    -1   -1     -1    -1  1  14  -1  -1  0  1 -1 -1
  924   784938      0      3   10   2.88    -1   -1     -1    -1  1  14  -1  -1  0  1 -1 -1
  925   785065      0      3   10   2.52    -1   -1     -1    -1  1  14  -1  -1  0  1 -1 -1
  926   785072      0      2   10   2.52    -1   -1     -1    -1  1  14  -1  -1  0  1 -1 -1
  927   785076      0      3   10   2.52    -1   -1     -1    -1  1  14  -1  -1  0  1 -1 -1
  928   785081      0      2   10   2.52    -1   -1     -1    -1  1  14  -1  -1  0  1 -1 -1
  929   786400      0      1    1     -1    -1   -1     -1    -1  1  14  -1  -1  0  1 -1 -1
  930   786548      0      1    1     -1    -1   -1     -1    -1  1  14  -1  -1  0  1 -1 -1
  931   787241      0      5    1   3.60    -1   -1     -1    -1  1  14  -1  -1  0  1 -1 -1
  932   787255      0      6    1     -1    -1   -1     -1    -1  1  14  -1  -1  0  1 -1 -1
  933   787671      0      2    1     -1    -1   -1     -1    -1  1  14  -1  -1  0  1 -1 -1
  934   787884      0      1    1     -1    -1   -1     -1    -1  1  14  -1  -1  0  1 -1 -1
  935   788443      0      1    1     -1    -1   -1     -1    -1  1  14  -1  -1  0  1 -1 -1
  936   788530      0      1    1     -1    -1   -1     -1    -1  1  14  -1  -1  0  1 -1 -1
  937   788533      0      1    1     -1    -1   -1     -1    -1  1  14  -1  -1  0  1 -1 -1
  938   788535      0      2    1     -1    -1   -1     -1    -1  1  14  -1  -1  0  1 -1 -1
  939   788538      0      1    1     -1    -1   -1     -1    -1  1  14  -1  -1  0  1 -1 -1
  940   788541      0      2    1     -1    -1   -1     -1    -1  1  14  -1  -1  0  1 -1 -1
  941   788663      0      1    1     -1    -1   -1     -1    -1  1  14  -1  -1  0  1 -1 -1
  942   788667      0      1    1     -1    -1   -1     -1    -1  1  14  -1  -1  0  1 -1 -1
  943   788670      0      1    1     -1    -1   -1     -1    -1  1  14  -1  -1  0  1 -1 -1
  944   788679      0      2    1   3.60    -1   -1     -1    -1  1  14  -1  -1  0  1 -1 -1
  945   788684      0      2    1   3.60    -1   -1     -1    -1  1  14  -1  -1  0  1 -1 -1
  946   788688      0      2    1   3.60    -1   -1     -1    -1  1  14  -1  -1  0  1 -1 -1
  947   789020      0      1    1     -1    -1   -1     -1    -1  1  14  -1  -1  0  1 -1 -1
  948   789080      0      1    1     -1    -1   -1     -1    -1  1  14  -1  -1  0  1 -1 -1
  949   789216      0      1    1     -1    -1   -1     -1    -1  1  14  -1  -1  0  1 -1 -1
  950   789229      0      1    1     -1    -1   -1     -1    -1  1  14  -1  -1  0  1 -1 -1
  951   789236      0      1    1     -1    -1   -1     -1    -1  1  14  -1  -1  0  1 -1 -1
  952   789351      0      1    1     -1    -1   -1     -1    -1  1  14  -1  -1  0  1 -1 -1
  953   789356      0      2    1     -1    -1   -1     -1    -1  1  14  -1  -1  0  1 -1 -1
  954   789426      0      4    1   3.60    -1   -1     -1    -1  1  14  -1  -1  0  1 -1 -1
  955   789438      0      4    1   3.60    -1   -1     -1    -1  1  14  -1  -1  0  1 -1 -1
  956   789484      0     30    1  28.80    -1   -1     -1    -1  1  14  -1  -1  0  1 -1 -1
  957   789525      0     29    1  28.80    -1   -1     -1    -1  1  14  -1  -1  0  1 -1 -1
  958   791264      8  31992   16  31970    -1   -1     -1    -1  1   3  -1  -1 20  2 -1 -1
  959   794798      5  17378   32  17364    -1   -1     -1    -1  1   9  -1  -1 34  2 -1 -1
  960   795562     14  25168    8  25147    -1   -1     -1    -1  1   8  -1  -1 20  2 -1 -1
  961   795950      0      8   16   8.32    -1   -1     -1    -1  1  21  -1  -1  0  1 -1 -1
  962   795966      0      9   16   8.78    -1   -1     -1    -1  1  21  -1  -1  0  1 -1 -1
  963   795983      0      9   16   9.22    -1   -1     -1    -1  1  21  -1  -1  0  1 -1 -1
  964   795993     10  25349    8  25324    -1   -1     -1    -1  1   3  -1  -1 20  2 -1 -1
  965   795994      0     13   16  12.60    -1   -1     -1    -1  1  21  -1  -1  0  1 -1 -1
  966   796441      5  43338   11  43289    -1   -1     -1    -1  1   6  -1  -1 21  2 -1 -1
  967   796486      8  43342   11  43277    -1   -1     -1    -1  1   6  -1  -1 21  2 -1 -1
  968   796702     20  33696   64  33673    -1   -1     -1    -1  1   8  -1  -1 22  2 -1 -1
  969   798725      7   3649    4   3628    -1   -1     -1    -1  1   3  -1  -1 20  2 -1 -1
  970   798918      5   7953    4   7940    -1   -1     -1    -1  1   3  -1  -1 20  2 -1 -1
  971   802375     11   3662    4   3645    -1   -1     -1    -1  1   3  -1  -1 20  2 -1 -1
  972   806044      8   3692    4   3678    -1   -1     -1    -1  1   3  -1  -1 20  2 -1 -1
  973   806265     12  31809    8  31787    -1   -1     -1    -1  1   3  -1  -1 20  2 -1 -1
  974   807428      0      9   16   8.55    -1   -1     -1    -1  1  21  -1  -1  0  1 -1 -1
  975   807562      0      8   16   8.32    -1   -1     -1    -1  1  21  -1  -1  0  1 -1 -1
  976   807614      0      9   16   8.55    -1   -1     -1    -1  1  21  -1  -1  0  1 -1 -1
  977   808343      0      9   16   8.78    -1   -1     -1    -1  1  21  -1  -1  0  1 -1 -1
  978   808456      0      9   16   9.45    -1   -1     -1    -1  1  21  -1  -1  0  1 -1 -1
  979   808484      0      8   16   8.55    -1   -1     -1    -1  1  21  -1  -1  0  1 -1 -1
  980   808509      0      9   16   9.00    -1   -1     -1    -1  1  21  -1  -1  0  1 -1 -1
  981   808546      0 165643   16 165627    -1   -1     -1    -1  1  21  -1  -1  0  1 -1 -1
  982   808841      0      5    8 299.25    -1   -1     -1    -1  1  21  -1  -1  0  1 -1 -1
  983   808885      0     17    8  55.80    -1   -1     -1    -1  1  21  -1  -1  0  1 -1 -1
  984   808921      0      5    8  24.30    -1   -1     -1    -1  1  21  -1  -1  0  1 -1 -1
  985   808940      0      6    8  19.80    -1   -1     -1    -1  1  21  -1  -1  0  1 -1 -1
  986   808971      0      5    8  29.70    -1   -1     -1    -1  1  21  -1  -1  0  1 -1 -1
  987   808995      0     25    8  43.65    -1   -1     -1    -1  1  21  -1  -1  0  1 -1 -1
  988   809030      0     10    8  20.25    -1   -1     -1    -1  1  21  -1  -1  0  1 -1 -1
  989   809740      8   3726    4   3708    -1   -1     -1    -1  1   3  -1  -1 20  2 -1 -1
  990   813470      7   3730    4   3718    -1   -1     -1    -1  1   3  -1  -1 20  2 -1 -1
  991   817204      7   3749    4   3734    -1   -1     -1    -1  1   3  -1  -1 20  2 -1 -1
  992   817434      5   8133    4   8121    -1   -1     -1    -1  1   3  -1  -1 20  2 -1 -1
  993   817514      6   8106    4   8094    -1   -1     -1    -1  1   3  -1  -1 20  2 -1 -1
  994   818084      0    175    4 734.40    -1   -1     -1    -1  1  12  -1  -1  0  1 -1 -1
  995   818361      0     29    2 129.60    -1   -1     -1    -1  1  12  -1  -1  0  1 -1 -1
  996   818428      0     56    2  93.60    -1   -1     -1    -1  1  12  -1  -1  0  1 -1 -1
  997   818533      0    346    4 395.10    -1   -1     -1    -1  1  12  -1  -1  0  1 -1 -1
  998   819179      6   1279   16   1266    -1   -1     -1    -1  1  12  -1  -1 20  2 -1 -1
  999   820739      7  25400    8  25381    -1   -1     -1    -1  1   8  -1  -1 20  2 -1 -1
 1000   820954      6   3744    4   3728    -1   -1     -1    -1  1   3  -1  -1 20  2 -1 -1
 1001   821346      8  25257    8  25231    -1   -1     -1    -1  1   3  -1  -1 20  2 -1 -1
 1002   823259      8  31916   16  31896    -1   -1     -1    -1  1   3  -1  -1 20  2 -1 -1
 1003   824700      6   3762    4   3742    -1   -1     -1    -1  1   3  -1  -1 20  2 -1 -1
 1004   828461     10   3765    4   3745    -1   -1     -1    -1  1   3  -1  -1 20  2 -1 -1
 1005   829889  86355     49    4     -1    -1   -1     -1    -1  1   1  -1  -1  2  2 -1 -1
 1006   830412      8  30931   64  30908    -1   -1     -1    -1  1   8  -1  -1 22  2 -1 -1
 1007   831954  84287   2052    1     -1    -1   -1     -1    -1  1   2  -1  -1  2  2 -1 -1
 1008   832230      8   3737    4   3719    -1   -1     -1    -1  1   3  -1  -1 20  2 -1 -1
 1009   835970      8   3761    4   3744    -1   -1     -1    -1  1   3  -1  -1 20  2 -1 -1
 1010   838081      8  31200    8  31174    -1   -1     -1    -1  1   3  -1  -1 20  2 -1 -1
 1011   839734      7   3757    4   3740    -1   -1     -1    -1  1   3  -1  -1 20  2 -1 -1
 1019   843493     10   3769    4   3751    -1   -1     -1    -1  1   3  -1  -1 20  2 -1 -1
 1035   846141     10  25566    8  25538    -1   -1     -1    -1  1   8  -1  -1 20  2 -1 -1
 1037   846606      7  25246    8  25220    -1   -1     -1    -1  1   3  -1  -1 20  2 -1 -1
 1038   847267      7   3770    4   3750    -1   -1     -1    -1  1   3  -1  -1 20  2 -1 -1
 1039   851040      8   3777    4   3760    -1   -1     -1    -1  1   3  -1  -1 20  2 -1 -1
 1040   854822      7   3765    4   3753    -1   -1     -1    -1  1   3  -1  -1 20  2 -1 -1
 1041   855178      7  32104   16  32080    -1   -1     -1    -1  1   3  -1  -1 20  2 -1 -1
 1042   860718      5  17461   32  17445    -1   -1     -1    -1  1   9  -1  -1 34  2 -1 -1
 1043   861345     11  27640   64  27613    -1   -1     -1    -1  1   8  -1  -1 22  2 -1 -1
 1044   868266      7  43340   11  43001    -1   -1     -1    -1  1   6  -1  -1 21  2 -1 -1
 1045   868301      6  43346   11  43290    -1   -1     -1    -1  1   6  -1  -1 21  2 -1 -1
 1046   869283      9  32061    8  32036    -1   -1     -1    -1  1   3  -1  -1 20  2 -1 -1
 1047   871711      9  25975    8  25950    -1   -1     -1    -1  1   8  -1  -1 20  2 -1 -1
 1048   871853      9  25142    8  25117    -1   -1     -1    -1  1   3  -1  -1 20  2 -1 -1
 1049   873669   4527  16894   64  16879    -1   -1     -1    -1  1   3  -1  -1 22  2 -1 -1
 1050   873716  21385  43359   64  42744    -1   -1     -1    -1  1   3  -1  -1 22  2 -1 -1
 1051   873737  64744  17187   64  16945    -1   -1     -1    -1  1   3  -1  -1 22  2 -1 -1
 1052   873762  81921  17107   64  17017    -1   -1     -1    -1  1   3  -1  -1 22  2 -1 -1
 1053   873785  99085     66   64   8.55    -1   -1     -1    -1  1   3  -1  -1 22  2 -1 -1
 1054   873793  99193    109   64  10.29    -1   -1     -1    -1  1   3  -1  -1 22  2 -1 -1
 1055   877736  46455  43342  128  43003    -1   -1     -1    -1  1  13  -1  -1 25  2 -1 -1
 1056   878363      0      3   10 157.32    -1   -1     -1    -1  1  14  -1  -1  0  1 -1 -1
 1057   878723      0      4   20 360.90    -1   -1     -1    -1  1  14  -1  -1  0  1 -1 -1
 1058   879371  15731  43359   32  43330    -1   -1     -1    -1  1   7  -1  -1 21  2 -1 -1
 1059   879451      0      3   10 727.56    -1   -1     -1    -1  1  14  -1  -1  0  1 -1 -1
 1060   879680  76384  43347   32  43269    -1   -1     -1    -1  1   7  -1  -1 21  2 -1 -1
 1061   879795  87759  43395   32  42754    -1   -1     -1    -1  1   7  -1  -1 21  2 -1 -1
 1062   879950      0      3   10 498.60    -1   -1     -1    -1  1  14  -1  -1  0  1 -1 -1
 1063   880147  87408    308   32 236.59    -1   -1     -1    -1  1   7  -1  -1 21  2 -1 -1
 1064   880214  87660    270   32 230.85    -1   -1     -1    -1  1   7  -1  -1 21  2 -1 -1
 1065   880263  87893   2465   32   2428    -1   -1     -1    -1  1   7  -1  -1 21  2 -1 -1
 1066   880361  88045   2538   32   2488    -1   -1     -1    -1  1   7  -1  -1 21  2 -1 -1
 1067   880432 217299  43351  128  43221    -1   -1     -1    -1  1   7  -1  -1 29  2 -1 -1
 1068   880480      0      3   10 529.92    -1   -1     -1    -1  1  14  -1  -1  0  1 -1 -1
 1069   880628 522740     23  128     -1    -1   -1     -1    -1  1   7  -1  -1 29  2 -1 -1
 1070   880697      0      3   10 216.72    -1   -1     -1    -1  1  14  -1  -1  0  1 -1 -1
 1071   880723  89907  43356   32  43304    -1   -1     -1    -1  1   7  -1  -1 21  2 -1 -1
 1072   880966      0      3   10 117.36    -1   -1     -1    -1  1  14  -1  -1  0  1 -1 -1
 1073   881996      0      3   10   1029    -1   -1     -1    -1  1  14  -1  -1  0  1 -1 -1
 1074   882004      0      2   10   7.56    -1   -1     -1    -1  1  14  -1  -1  0  1 -1 -1
 1075   882290      0      2   10 286.20    -1   -1     -1    -1  1  14  -1  -1  0  1 -1 -1
 1076   882297      0      3   10   7.20    -1   -1     -1    -1  1  14  -1  -1  0  1 -1 -1
 1077   882304      0      3   10   7.56    -1   -1     -1    -1  1  14  -1  -1  0  1 -1 -1
 1078   882309      0      3   10   4.68    -1   -1     -1    -1  1  14  -1  -1  0  1 -1 -1
 1079   882315      0      3   10   5.76    -1   -1     -1    -1  1  14  -1  -1  0  1 -1 -1
 1080   882320      0      3   10   5.04    -1   -1     -1    -1  1  14  -1  -1  0  1 -1 -1
 1081   882325      0      3   10   4.68    -1   -1     -1    -1  1  14  -1  -1  0  1 -1 -1
 1082   882365      0     10   10  46.80    -1   -1     -1    -1  1  14  -1  -1  0  1 -1 -1
 1083   882377      0     12   10  14.40    -1   -1     -1    -1  1  14  -1  -1  0  1 -1 -1
 1084   882442      0     10   10  63.00    -1   -1     -1    -1  1  14  -1  -1  0  1 -1 -1
 1085   882467      0     54   10  54.36    -1   -1     -1    -1  1  14  -1  -1  0  1 -1 -1
 1086   882634      0      2   10   2.52    -1   -1     -1    -1  1  14  -1  -1  0  1 -1 -1
 1087   882638      0      3   10   2.52    -1   -1     -1    -1  1  14  -1  -1  0  1 -1 -1
 1088   882654      0      6   10   2.52    -1   -1     -1    -1  1  14  -1  -1  0  1 -1 -1
 1089   882664      0      3   10   2.52    -1   -1     -1    -1  1  14  -1  -1  0  1 -1 -1
 1090   882670      0      2   10   2.52    -1   -1     -1    -1  1  14  -1  -1  0  1 -1 -1
 1091   883301      0      3   10 631.44    -1   -1     -1    -1  1  14  -1  -1  0  1 -1 -1
 1092   883310      0     40   10  40.32    -1   -1     -1    -1  1  14  -1  -1  0  1 -1 -1
 1093   883358      0      3   10   2.52    -1   -1     -1    -1  1  14  -1  -1  0  1 -1 -1
 1094   883381      0      3   10  23.40    -1   -1     -1    -1  1  14  -1  -1  0  1 -1 -1
 1095   883391      0      3   10  10.08    -1   -1     -1    -1  1  14  -1  -1  0  1 -1 -1
 1096   883398      0      3   10   6.48    -1   -1     -1    -1  1  14  -1  -1  0  1 -1 -1
 1097   883403      0      3   10   5.04    -1   -1     -1    -1  1  14  -1  -1  0  1 -1 -1
 1098   883424      0     54   10  72.00    -1   -1     -1    -1  1  14  -1  -1  0  1 -1 -1
 1099   883519      0     50   20  90.72    -1   -1     -1    -1  1  14  -1  -1  0  1 -1 -1
 1100   883692      0     40   20 162.72    -1   -1     -1    -1  1  14  -1  -1  0  1 -1 -1
 1101   883737      0      3   10   8.64    -1   -1     -1    -1  1  14  -1  -1  0  1 -1 -1
 1102   883743      0      3   10   5.76    -1   -1     -1    -1  1  14  -1  -1  0  1 -1 -1
 1103   883751      0      3   10   8.28    -1   -1     -1    -1  1  14  -1  -1  0  1 -1 -1
 1104   883757      0      3   10   5.76    -1   -1     -1    -1  1  14  -1  -1  0  1 -1 -1
 1105   883779      0     65   10  83.52    -1   -1     -1    -1  1  14  -1  -1  0  1 -1 -1
 1106   884031      0      3   10 189.72    -1   -1     -1    -1  1  14  -1  -1  0  1 -1 -1
 1107   884040      0      4   10   9.72    -1   -1     -1    -1  1  14  -1  -1  0  1 -1 -1
 1108   884051      0      3   10  10.44    -1   -1     -1    -1  1  14  -1  -1  0  1 -1 -1
 1109   884059      0      3   10   8.28    -1   -1     -1    -1  1  14  -1  -1  0  1 -1 -1
 1110   887283     11  32224   16  32200    -1   -1     -1    -1  1   3  -1  -1 20  2 -1 -1
 1111   887368      0      3   10  63.00    -1   -1     -1    -1  1  14  -1  -1  0  1 -1 -1
 1112   887374      0      2   10   5.40    -1   -1     -1    -1  1  14  -1  -1  0  1 -1 -1
 1113   887379      0      3   10   5.40    -1   -1     -1    -1  1  14  -1  -1  0  1 -1 -1
 1114   887392      0      3   10   2.52    -1   -1     -1    -1  1  14  -1  -1  0  1 -1 -1
 1115   887397      0      3   10   2.52    -1   -1     -1    -1  1  14  -1  -1  0  1 -1 -1
 1116   887402      0      3   10   2.52    -1   -1     -1    -1  1  14  -1  -1  0  1 -1 -1
 1117   887455      0      3   10   2.52    -1   -1     -1    -1  1  14  -1  -1  0  1 -1 -1
 1118   887461      0      3   10   2.52    -1   -1     -1    -1  1  14  -1  -1  0  1 -1 -1
 1119   887466      0      3   10   2.52    -1   -1     -1    -1  1  14  -1  -1  0  1 -1 -1
 1120   887473      0      3   10   2.52    -1   -1     -1    -1  1  14  -1  -1  0  1 -1 -1
 1121   887499      0      3   10   2.52    -1   -1     -1    -1  1  14  -1  -1  0  1 -1 -1
 1122   887505      0      2   10   2.52    -1   -1     -1    -1  1  14  -1  -1  0  1 -1 -1
 1123   887510      0      3   10   2.52    -1   -1     -1    -1  1  14  -1  -1  0  1 -1 -1
 1124   887516      0      3   10   2.52    -1   -1     -1    -1  1  14  -1  -1  0  1 -1 -1
 1125   887529      0      4   20   3.60    -1   -1     -1    -1  1  14  -1  -1  0  1 -1 -1
 1126   887535      0      4   20   3.60    -1   -1     -1    -1  1  14  -1  -1  0  1 -1 -1
 1127   887555      0      2   10   2.52    -1   -1     -1    -1  1  14  -1  -1  0  1 -1 -1
 1128   887561      0      3   10   2.52    -1   -1     -1    -1  1  14  -1  -1  0  1 -1 -1
 1129   887567      0      2   10   2.52    -1   -1     -1    -1  1  14  -1  -1  0  1 -1 -1
 1130   887579      0      3   10   2.52    -1   -1     -1    -1  1  14  -1  -1  0  1 -1 -1
 1131   887584      0      3   10   2.52    -1   -1     -1    -1  1  14  -1  -1  0  1 -1 -1
 1132   887610      0      3   10   2.88    -1   -1     -1    -1  1  14  -1  -1  0  1 -1 -1
 1133   887616      0      4   10   2.88    -1   -1     -1    -1  1  14  -1  -1  0  1 -1 -1
 1134   887622      0      3   10   2.88    -1   -1     -1    -1  1  14  -1  -1  0  1 -1 -1
 1135   887628      0      3   10   2.88    -1   -1     -1    -1  1  14  -1  -1  0  1 -1 -1
 1136   887633      0      5   10   4.32    -1   -1     -1    -1  1  14  -1  -1  0  1 -1 -1
 1137   887651      0      4   20   3.60    -1   -1     -1    -1  1  14  -1  -1  0  1 -1 -1
 1138   887658      0      4   20   4.14    -1   -1     -1    -1  1  14  -1  -1  0  1 -1 -1
 1139   887666      0      4   20   4.14    -1   -1     -1    -1  1  14  -1  -1  0  1 -1 -1
 1140   887693      0      4   10   3.24    -1   -1     -1    -1  1  14  -1  -1  0  1 -1 -1
 1141   887699      0      3   10   3.24    -1   -1     -1    -1  1  14  -1  -1  0  1 -1 -1
 1142   887704      0      3   10   3.24    -1   -1     -1    -1  1  14  -1  -1  0  1 -1 -1
 1143   887708      0      4   10   3.24    -1   -1     -1    -1  1  14  -1  -1  0  1 -1 -1
 1144   887743      0      4   10  34.92    -1   -1     -1    -1  1  14  -1  -1  0  1 -1 -1
 1145   887755      0     22   10  21.24    -1   -1     -1    -1  1  14  -1  -1  0  1 -1 -1
 1146   887802      0      4   10  29.16    -1   -1     -1    -1  1  14  -1  -1  0  1 -1 -1
 1147   887838      0      7   10   7.20    -1   -1     -1    -1  1  14  -1  -1  0  1 -1 -1
 1148   887853      0      3   10  10.80    -1   -1     -1    -1  1  14  -1  -1  0  1 -1 -1
 1149   887860      0      3   10   6.84    -1   -1     -1    -1  1  14  -1  -1  0  1 -1 -1
 1150   887867      0      3   10   7.20    -1   -1     -1    -1  1  14  -1  -1  0  1 -1 -1
 1151   887873      0      3   10   5.76    -1   -1     -1    -1  1  14  -1  -1  0  1 -1 -1
 1152   887878      0      4   10   5.76    -1   -1     -1    -1  1  14  -1  -1  0  1 -1 -1
 1153   887885      0      3   10   6.84    -1   -1     -1    -1  1  14  -1  -1  0  1 -1 -1
 1154   887891      0      3   10   5.76    -1   -1     -1    -1  1  14  -1  -1  0  1 -1 -1
 1155   887920      0      1    1  25.20    -1   -1     -1    -1  1  14  -1  -1  0  1 -1 -1
 1156   887937      0      4   10  19.80    -1   -1     -1    -1  1  14  -1  -1  0  1 -1 -1
 1157   887944      0      4   10   6.48    -1   -1     -1    -1  1  14  -1  -1  0  1 -1 -1
 1158   887950      0      3   10   5.76    -1   -1     -1    -1  1  14  -1  -1  0  1 -1 -1
 1159   887969      0      4   20  19.98    -1   -1     -1    -1  1  14  -1  -1  0  1 -1 -1
 1160   887989      0      4   20  19.98    -1   -1     -1    -1  1  14  -1  -1  0  1 -1 -1
 1161   887994      0      4   20   4.68    -1   -1     -1    -1  1  14  -1  -1  0  1 -1 -1
 1162   888011      0     22   10  34.56    -1   -1     -1    -1  1  14  -1  -1  0  1 -1 -1
 1163   888577    427  17433   32  17415    -1   -1     -1    -1  1   9  -1  -1 34  2 -1 -1
 1164   888991  83889  23394   64  23341    -1   -1     -1    -1  1   8  -1  -1 22  2 -1 -1
 1165   889029      0      3   10   2.52    -1   -1     -1    -1  1  14  -1  -1  0  1 -1 -1
 1166   889037      0      3   10   2.52    -1   -1     -1    -1  1  14  -1  -1  0  1 -1 -1
 1167   889042      0      3   10   3.24    -1   -1     -1    -1  1  14  -1  -1  0  1 -1 -1
 1168   889047      0      3   10   2.88    -1   -1     -1    -1  1  14  -1  -1  0  1 -1 -1
 1169   889053      0      9   10   2.88    -1   -1     -1    -1  1  14  -1  -1  0  1 -1 -1
 1170   889077      0      3   10  24.12    -1   -1     -1    -1  1  14  -1  -1  0  1 -1 -1
 1171   889086      0      3   10   9.00    -1   -1     -1    -1  1  14  -1  -1  0  1 -1 -1
 1172   889092      0      3   10   5.04    -1   -1     -1    -1  1  14  -1  -1  0  1 -1 -1
 1173   889110      0      3   10  18.00    -1   -1     -1    -1  1  14  -1  -1  0  1 -1 -1
 1174   889113      0      4   10   3.96    -1   -1     -1    -1  1  14  -1  -1  0  1 -1 -1
 1175   889117      0      3   10   3.60    -1   -1     -1    -1  1  14  -1  -1  0  1 -1 -1
